1 0.45423055625000003 0.9051524890625 0.4573980953125 0.9284046968749999 0.5272455578125 0.9090564562499999 0.5218862546875 0.8856057921874999 0.45423055625000003 0.9051524890625
3 0.51010603125 0.846963634375 0.44398662812499995 0.8650623968750001 0.4496216640625 0.9094962859375 0.5193956546875 0.8871540265625001 0.51010603125 0.846963634375
3 0.4384275390625 0.8167611375 0.443897471875 0.8642141249999999 0.5102108703125 0.8456661515624999 0.49996941875 0.798714671875 0.4384275390625 0.8167611375
3 0.49907537656249995 0.79709335625 0.49135094375 0.758024915625 0.4338202796875 0.7752209671875 0.43877095468749994 0.8154385812499999 0.49907537656249995 0.79709335625
3 0.430120271875 0.7400177484375 0.43429743125 0.7751708171875 0.49158952031250003 0.7579998406249999 0.485100071875 0.7260915484375 0.430120271875 0.7400177484375
3 0.42699978281249995 0.7103282875 0.43077573750000003 0.7416641390625001 0.48505549375 0.7256674140625 0.47944440625 0.6975261859375 0.42699978281249995 0.7103282875
3 0.42429618593749996 0.682310290625 0.4269552046875 0.7099041515625 0.4791612515625 0.697127125 0.472834434375 0.669061125 0.42429618593749996 0.682310290625
3 0.422337209375 0.6567869546875 0.42463960156249997 0.680987734375 0.47244643750000004 0.6699595453125 0.467281134375 0.6460596703125 0.422337209375 0.6567869546875
3 0.4201239734375 0.6334344453125 0.422486628125 0.6559136078125001 0.46704255781250004 0.6460847453125 0.46286045 0.6246544562499999 0.4201239734375 0.6334344453125
3 0.41884273906249997 0.615287103125 0.4205908390625 0.6346341109375 0.4626544328125 0.6248864828125 0.459239296875 0.605968334375 0.41884273906249997 0.615287103125
3 0.41422980625 0.5673255625 0.41565367656249996 0.580872790625 0.4526805171875 0.5734300671875 0.4497492828125 0.5577584578125 0.41422980625 0.5673255625
3 0.4169081296875 0.59817061875 0.4189894234375 0.6145107484375 0.45927123124999997 0.6054576859374999 0.45664859687500003 0.5900072859375001 0.4169081296875 0.59817061875
3 0.45583570625 0.5878387453125 0.45298905625 0.5742030421875 0.41547124999999996 0.5815729359375 0.417109846875 0.5971631390625001 0.45583570625 0.5878387453125
0 0.4452071 0.8295229546874999 0.4518527921875 0.8625111109375 0.461488690625 0.8599770046874999 0.456611525 0.8263683046875 0.4452071 0.8295229546874999
0 0.44000944375 0.7835599484375 0.44649698437499996 0.8150433921875001 0.45538480468750003 0.8123705796875 0.450522284375 0.7800643390625 0.44000944375 0.7835599484375
0 0.43493019374999997 0.7445391578125 0.4405805375 0.7715465984375001 0.4488863796875 0.7691522859375 0.44515601875 0.74063905 0.43493019374999997 0.7445391578125
0 0.4314667609375 0.7092605359374999 0.43620418125000004 0.7322345984374999 0.4448422234375 0.7306747031249999 0.440762509375 0.7069795140624999 0.4314667609375 0.7092605359374999
0 0.43747061875000004 0.677985525 0.42871166250000003 0.6795581281249999 0.43298801718749996 0.7027979828124999 0.4401830390625 0.7003030906250001 0.43747061875000004 0.677985525
0 0.42603103593749997 0.6528905578125 0.4303818671875 0.6791652499999999 0.43747061875000004 0.677985525 0.43408710156249997 0.6516091640624999 0.42603103593749997 0.6528905578125
0 0.4235378515625 0.6303326171875 0.42712721406250004 0.651688678125 0.43436742187500005 0.649623703125 0.4308763796875 0.6280399734375 0.4235378515625 0.6303326171875
0 0.4210593109375 0.6090771359375 0.42487585625 0.6291053203125 0.431269665625 0.6271293046874999 0.42897186875 0.6075934937499999 0.4210593109375 0.6090771359375
0 0.41947904999999996 0.5905525734375 0.422231215625 0.6074326296875 0.428737990625 0.6065314078124999 0.42646948125 0.5896005171875001 0.41947904999999996 0.5905525734375
0 0.41812472031250003 0.574177596875 0.4204543140625 0.589363403125 0.4261146875 0.588551140625 0.42448798749999994 0.5730741234375001 0.41812472031250003 0.574177596875
0 0.4166109859375 0.559775371875 0.41946942187499997 0.5753402609375 0.4249636953125 0.574110790625 0.4227403734375 0.5576098171874999 0.4166109859375 0.559775371875
0 0.415482771875 0.5450202749999999 0.4183108640625 0.5592876609374999 0.42282807343749995 0.55802560625 0.42133445468749997 0.5438147812499999 0.415482771875 0.5450202749999999
2 0.43422310937499997 0.7654564171875 0.4436554828125 0.8099056953125 0.50128788125 0.790489175 0.49918271875000003 0.764139828125 0.494232046875 0.75285100625 0.4586812796875 0.74851795 0.43422310937499997 0.7654564171875
2 0.4304379140625 0.729442684375 0.434902846875 0.759283575 0.45542655937500004 0.7596850984375 0.490209296875 0.749337428125 0.4873016328125 0.7279929109375 0.464865621875 0.7167704984375 0.4304379140625 0.729442684375
2 0.4292424828125 0.7043754546875001 0.4331970390625 0.7262003984375001 0.45619949374999996 0.7227986468750001 0.48495852656249994 0.7162332015625 0.4852252640625 0.6977041515625 0.4718153390625 0.688091709375 0.4292424828125 0.7043754546875001
2 0.4226602578125 0.6438564671875 0.429157596875 0.6740742015625 0.474451315625 0.66577089375 0.47516211875 0.64936018125 0.4693354375 0.63816343125 0.440306621875 0.6337353484375 0.4226602578125 0.6438564671875
2 0.457008759375 0.585136884375 0.4361925359375 0.5798456234375 0.41613108125 0.5880555671875001 0.41757544375 0.606011134375 0.4290035125 0.6103052453125 0.45915332031249995 0.5971142796875 0.457008759375 0.585136884375
2 0.4486991546875 0.551370059375 0.418236640625 0.551881646875 0.41912815 0.5702236421875 0.4259383921875 0.577684321875 0.4557690015625 0.5691280046875 0.4579889546875 0.5618091828125 0.4486991546875 0.551370059375
2 0.4595817453125 0.620928346875 0.4636844328125 0.6020663609375 0.44077058124999996 0.5920539625 0.4166349578125 0.60901480625 0.4245549640625 0.6286165015625 0.4595817453125 0.620928346875
2 0.457880953125 0.5854475625 0.456966921875 0.57031820625 0.43324472031249994 0.5611921078125001 0.41752582812499994 0.5724602875 0.4190939453125 0.5895242421875 0.439964540625 0.586529315625 0.457880953125 0.5854475625