1 0.45375869062499996 0.8402019734374999 0.45651994062499995 0.8635059203125 0.5266944375 0.845379634375 0.521745221875 0.8218390078125 0.45375869062499996 0.8402019734374999
3 0.5106411890625 0.782997140625 0.44421599218749996 0.79993920625 0.4490746921875 0.8444646734375001 0.519227978125 0.8233435390625001 0.5106411890625 0.782997140625
3 0.43850146875 0.750086603125 0.4431424 0.7976278265625 0.5097694078125 0.78024000625 0.5003489296875 0.7331169375 0.43850146875 0.750086603125
3 0.49933566718750005 0.73244838125 0.49229425000000004 0.6932510828125 0.434472234375 0.709440465625 0.43872026406250003 0.74973835625 0.49933566718750005 0.73244838125
3 0.429742265625 0.67651364375 0.4333052828125 0.711734259375 0.49088832031249996 0.695565784375 0.48495673906250003 0.6635490953125001 0.429742265625 0.67651364375
3 0.4257742203125 0.645249996875 0.4290027140625 0.6766469734375 0.48355338437500006 0.6615999968749999 0.4784342828125 0.633365128125 0.4257742203125 0.645249996875
3 0.42341729531250005 0.6155577937500001 0.42559433125 0.6431938578125 0.478015415625 0.6313299 0.47217938125 0.60315775625 0.42341729531250005 0.6155577937500001
3 0.4218564890625 0.58946039375 0.42373616875 0.6136976703125 0.47172819375 0.60350550625 0.466980784375 0.579519121875 0.4218564890625 0.58946039375
3 0.4202618671875 0.5649585296875 0.42223184687500004 0.5874755046875 0.46695252812500004 0.578425746875 0.46314506875 0.55692573125 0.4202618671875 0.5649585296875
3 0.41868581093749996 0.5468451109375 0.42009599375000006 0.56621968125 0.4623232984375 0.5572076484374999 0.4592388515625 0.5382327796874999 0.41868581093749996 0.5468451109375
3 0.413972596875 0.5021799828125 0.41515982031250004 0.515749996875 0.4523109140625 0.5089546171875 0.4496536328125 0.49323423593750004 0.413972596875 0.5021799828125
3 0.4163229125 0.5319528 0.4181187140625 0.5483267640625 0.458552384375 0.5399780953125 0.456199796875 0.524484278125 0.4163229125 0.5319528
3 0.45516658125 0.5228724031249999 0.45255834375 0.50918909375 0.414917628125 0.515903090625 0.4162838890625 0.5315195171875 0.45516658125 0.5228724031249999
0 0.445167915625 0.7633623890625 0.4512368734375 0.7964615015625001 0.46091553125000007 0.7940959515625 0.45662565937500005 0.7604072515625 0.445167915625 0.7633623890625
0 0.4408683625 0.7184031953125001 0.446805453125 0.74999506875 0.4557385671875 0.747477775 0.45144060625 0.71509159375 0.4408683625 0.7184031953125001
0 0.4351047078125 0.6777754546875 0.44061393281249994 0.71065659375 0.449246196875 0.7071617453125 0.4453970421875 0.6740544046875 0.4351047078125 0.6777754546875
0 0.4323526453125 0.6435292859375 0.4365089375 0.674304775 0.44594322656249996 0.6729314546875 0.44168678593750005 0.64141084375 0.4323526453125 0.6435292859375
0 0.43803138593749996 0.6129878625 0.4292463171875 0.614407359375 0.43311643125000004 0.6377183078125 0.44035389843750006 0.635349365625 0.43803138593749996 0.6129878625
0 0.4266305015625 0.5866363015625 0.4305221125 0.6129829250000001 0.4376303734375 0.611927096875 0.43470770312499996 0.585495703125 0.4266305015625 0.5866363015625
0 0.42427309375 0.5646088078125 0.42748919374999994 0.586024259375 0.4347643375 0.5840859578125001 0.431650515625 0.5624445890625 0.42427309375 0.5646088078125
0 0.4220027421875 0.54497135625 0.42546916718750005 0.5650630984375 0.43189648593749996 0.5631989703125 0.42993998749999995 0.54362603125 0.4220027421875 0.54497135625
0 0.42018185937499997 0.5270193187500001 0.4226390078125 0.5439448359375 0.4291605203125 0.543157309375 0.427187840625 0.5261894046875 0.42018185937499997 0.5270193187500001
0 0.41906594531249997 0.5100794359374999 0.42113015468750004 0.5253035875000001 0.42680384374999997 0.524590234375 0.425447503125 0.509087184375 0.41906594531249997 0.5100794359374999
0 0.41683862187500004 0.49518950312500004 0.419424978125 0.5108019078125 0.4249398734375 0.5096685140625 0.4230048703125 0.4931312484375 0.41683862187500004 0.49518950312500004
0 0.41575737031250004 0.48153125 0.4183360328125 0.49584581875 0.42287458125 0.4946627921875 0.421629203125 0.48042806406249994 0.41575737031250004 0.48153125
2 0.4373820125 0.7444803375 0.44488855312500003 0.78468519375 0.5066371109375 0.7674634265625 0.4996919703125 0.7228193640625 0.4373820125 0.7444803375
2 0.4266672984375 0.639380225 0.43219246875 0.66996515625 0.47966010312499996 0.6566943984375 0.4830326359375 0.6344488968750001 0.47549643125 0.6243018578124999 0.4537253546875 0.6208033937499999 0.4266672984375 0.639380225
2 0.42290152187499996 0.6137068546875 0.42574991406249996 0.635408096875 0.475249278125 0.6236480828125 0.47354869375 0.6042103140624999 0.46555164531250004 0.5974805859375001 0.43497065468749996 0.6018445703124999 0.42290152187499996 0.6137068546875
2 0.461743959375 0.5734993765625 0.43473643281249996 0.5687705484375 0.42079890468750003 0.5831601890625 0.42360538437499995 0.60655359375 0.44834247656250004 0.6027008828125 0.47432378750000004 0.595700025 0.4698374203125 0.5748174859375 0.461743959375 0.5734993765625
2 0.46735743281250003 0.5746967578125 0.46535519531249997 0.5583246734375 0.4648608875 0.557017121875 0.43866605312500007 0.552892590625 0.4182856265625 0.563118125 0.422294415625 0.58505554375 0.46735743281250003 0.5746967578125
2 0.46250663281250004 0.5518199078125 0.460357790625 0.5337721531249999 0.4462864203125 0.529262353125 0.4288133671875 0.5314664453125 0.41725113281250004 0.5426089859375 0.420660921875 0.5598710203125 0.46250663281250004 0.5518199078125
2 0.4586828515625 0.5227746203125 0.46001934375 0.509825125 0.44456560156249997 0.50037078125 0.42744025468749997 0.5022067531250001 0.4181067140625 0.50842651875 0.41783006875 0.5226340859375 0.43164169531249996 0.52851740625 0.4586828515625 0.5227746203125
2 0.4451013546875 0.4874913421875 0.4306990078125 0.485712090625 0.42345170000000004 0.48972314062500005 0.424327 0.51058390625 0.4561102984375 0.5047639359375 0.45702785312499994 0.493539590625 0.4451013546875 0.4874913421875
2 0.420211675 0.5229617765625 0.42309812812500003 0.5386246109374999 0.4601530171875 0.5371796234375 0.4606817578125 0.525068490625 0.4608362 0.525183328125 0.453911878125 0.5178314453125 0.43191270312499996 0.51641903125 0.420211675 0.5229617765625