1 0.46130841250000004 0.9058895687499999 0.4648812765625 0.9290829546875001 0.534380428125 0.9085186546875 0.5286126703125 0.8851650937500001 0.46130841250000004 0.9058895687499999
3 0.5161598421875 0.8467344140625 0.4503663765625 0.8659843640625 0.4567760328125 0.9103131421875 0.5261494703125 0.8867565609374999 0.5161598421875 0.8467344140625
3 0.4439651609375 0.8177874812500001 0.4502624296875 0.865137778125 0.516242021875 0.8454352999999999 0.5051827125 0.798669709375 0.4439651609375 0.8177874812500001
3 0.5042605109375 0.7970642453125001 0.4958554171875 0.7581365640625 0.43863362656250005 0.7763340453125 0.44428544375 0.8164591328125 0.5042605109375 0.7970642453125001
3 0.4343198015625 0.7412007625 0.43910982968749995 0.776275575 0.4960935203125 0.7581073296875 0.4890481828125 0.726317153125 0.4343198015625 0.7412007625
3 0.43068163593750003 0.7115702828125 0.4350039 0.7428354625 0.48899620937500005 0.7258938609375 0.48289484375 0.6978548453125 0.43068163593750003 0.7115702828125
3 0.42748946875 0.6836037375 0.4306296625 0.7111469890625 0.4826047671875 0.6974607890625 0.4757890953125 0.66950948125 0.42748946875 0.6836037375
3 0.425085346875 0.658118478125 0.4278097515625 0.6822753890625 0.47541683749999997 0.6704145359375 0.46983520937499995 0.6466084484375 0.425085346875 0.658118478125
3 0.422464890625 0.6348081515625 0.42521950156250005 0.65724265625 0.46959710781249997 0.6466376828125 0.46504162656250003 0.6252836453125 0.422464890625 0.6348081515625
3 0.4208671375 0.616685934375 0.4229526234375 0.6359994859375 0.464839690625 0.6255192328125 0.46109490781250007 0.6066635671875 0.4208671375 0.616685934375
3 0.4154178625 0.5688122046874999 0.4170779484375 0.58233251875 0.45396925625 0.574244721875 0.4507649609375 0.55862665625 0.4154178625 0.5688122046874999
3 0.4186340984375 0.5996058203125 0.42100024999999996 0.6159071375 0.46111792500000004 0.6061524390625 0.45822604375 0.5907501640625 0.4186340984375 0.5996058203125
3 0.4573754296875 0.588596140625 0.4542912390625 0.5750121953125 0.41690776874999996 0.5830357421875 0.41881820156250005 0.5985949734375 0.4573754296875 0.588596140625
0 0.45096641406250004 0.8304290359375001 0.4581868171875 0.8632961828125 0.46777702187500003 0.8605942921875 0.4623140453125 0.8270758296875 0.45096641406250004 0.8304290359375001
0 0.44496738281250003 0.784563740625 0.4520033984375 0.8159291671875 0.46084321875 0.813101646875 0.45541761562499994 0.7808851890625 0.44496738281250003 0.784563740625
0 0.4392079 0.7456375375000001 0.4453287296875 0.7725422531249999 0.45359152031249994 0.7700033484375 0.4493641015625 0.741559559375 0.4392079 0.7456375375000001
0 0.43512929843750003 0.710424734375 0.44026695 0.73331261875 0.448876453125 0.73160220625 0.4443838234375 0.7079818265625 0.43512929843750003 0.710424734375
0 0.44058641875 0.6790497046875 0.431856240625 0.680774934375 0.4365375359375 0.703936615625 0.4436879203125 0.7013165328125 0.44058641875 0.6790497046875
0 0.4287106109375 0.6541582078125 0.4335193359375 0.680352965625 0.44058641875 0.6790497046875 0.43674308437500003 0.6527364125 0.4287106109375 0.6541582078125
0 0.42582411562500005 0.6316472156249999 0.4297856453125 0.65293738125 0.4369887109375 0.6507463609374999 0.4331215140625 0.629226846875 0.42582411562500005 0.6316472156249999
0 0.4229749921875 0.610438228125 0.427140496875 0.630396753125 0.43349884687499995 0.628309453125 0.4308604515625 0.60881671875 0.4229749921875 0.610438228125
0 0.421071675 0.591944065625 0.42411801875000005 0.6087735203125 0.43060807343749996 0.6077588765625 0.42804442500000006 0.5908701546875 0.421071675 0.591944065625
0 0.41943176875 0.5755952203125 0.4220260359375 0.59073805625 0.427671371875 0.5898271296875001 0.4257748078125 0.5743808593749999 0.41943176875 0.5755952203125
0 0.4176669109375 0.56122160625 0.42079655625 0.5767342390625 0.4262685359375 0.5754090671875 0.42375757031249994 0.5589494078125 0.4176669109375 0.56122160625
0 0.41628135625 0.5464884484375 0.41935801718750004 0.560704303125 0.42385251406249996 0.5593636046875 0.422111109375 0.5451810109374999 0.41628135625 0.5464884484375
2 0.43886598125000004 0.766563953125 0.44907266406249996 0.8108418421874999 0.5063574203125001 0.79042245625 0.50379271875 0.7641138625 0.498645784375 0.7529131609374999 0.46302480937499996 0.7492012109374999 0.43886598125000004 0.766563953125
2 0.43445283437500004 0.7306217640625 0.43943788437500003 0.7603801875 0.459965478125 0.7604234609375 0.4945623265625 0.749470325 0.49128259218750003 0.7281798046875 0.468654140625 0.7173506625 0.43445283437500004 0.7306217640625
2 0.4328201015625 0.7055792171874999 0.43715495468750004 0.72733181875 0.4600945375 0.7235291375 0.4887346078125 0.716462778125 0.488677928125 0.6979318937500001 0.475102284375 0.6885549515625 0.4328201015625 0.7055792171874999
2 0.425182678125 0.645184321875 0.4322064 0.675284059375 0.47734830781250004 0.6661915328125 0.47777259687500007 0.6497709140625 0.47175139218749995 0.6386775578125 0.4426497171875 0.6347567734374999 0.425182678125 0.645184321875
2 0.4663130984375 0.6052277765625 0.4535163046875 0.5949663578125 0.4356869578125 0.593408515625 0.4220371 0.6069171734375 0.42463727812499996 0.6280939234375 0.4388402828125 0.6281249125 0.4657079609375 0.6210789671875 0.4663130984375 0.6052277765625
2 0.45850115 0.58587421875 0.4375957515625 0.58094705625 0.4176806359375 0.5895058703125 0.419438146875 0.6074334953125 0.42913055 0.6050601515625 0.46085442031249996 0.5978123625 0.45850115 0.58587421875
2 0.4496035 0.5522575578125 0.419154553125 0.5533007125 0.42036603906250003 0.5716243546875 0.42730545 0.57896504375 0.45698218749999997 0.5698894125 0.45907407187500004 0.5625329625 0.4496035 0.5522575578125