1 0.3709947890625 0.88678293125 0.3692587046875 0.9101855921875 0.44160255781249996 0.9057822625 0.441236034375 0.8817297875 0.3709947890625 0.88678293125
3 0.43774739374999994 0.8414828078125 0.3693099140625 0.845439071875 0.3655834875 0.890073565625 0.4384779640625 0.8827263656250001 0.43774739374999994 0.8414828078125
3 0.3739147015625 0.7970375125 0.369399071875 0.8445908015624999 0.4381197046875 0.8402354765625001 0.4378638140625 0.79218068125 0.3739147015625 0.7970375125
3 0.4373264 0.7904089140624999 0.43789354999999996 0.7505882125000001 0.3780448078125 0.7554471921875 0.3745255875 0.7958152578125001 0.4373264 0.7904089140624999
3 0.38174481562499996 0.7202439734375 0.378521959375 0.7554973421875 0.4381321265625 0.7506132890625 0.4384185953125 0.7180530359375 0.38174481562499996 0.7202439734375
3 0.384865303125 0.6905545109375 0.382043653125 0.7219906640625 0.43846317343749996 0.7176289015624999 0.43882559218750006 0.6889360156250001 0.384865303125 0.6905545109375
3 0.38804605468750003 0.6625866640625 0.3849098828125 0.6901303750000001 0.43863159375 0.6884868046875 0.43827828281250003 0.6597186953125 0.38804605468750003 0.6625866640625
3 0.3914364859375 0.63721378125 0.388656940625 0.661364409375 0.43771197187500005 0.6605168140625 0.43762860625 0.63606528125 0.3914364859375 0.63721378125
3 0.394126875 0.6139114234374999 0.3917642203125 0.6363905859375001 0.4373900296875 0.63604020625 0.43775492031249996 0.6142087093749999 0.394126875 0.6139114234374999
3 0.396646684375 0.5958942609375 0.39433411406249996 0.6151819390625 0.43750516250000004 0.614392834375 0.43809796093750003 0.5951780453125 0.396646684375 0.5958942609375
3 0.40210631875 0.5480217109375001 0.40068244843749995 0.5615689390624999 0.43844759218749996 0.5619871703125 0.4388387234375 0.546048584375 0.40210631875 0.5480217109375001
3 0.39831306718750004 0.578749584375 0.396951575 0.59516536875 0.43823536562500004 0.5946851953125 0.43888236249999996 0.579027146875 0.39831306718750004 0.578749584375
3 0.4385381 0.576736984375 0.438588678125 0.562807403125 0.4003584390625 0.56221585625 0.3987198421875 0.5778060593750001 0.4385381 0.576736984375
0 0.37789278125000003 0.810930003125 0.37753462656250003 0.8445790046875 0.387486828125 0.8441036921875 0.38970388125 0.8102154031250001 0.37789278125000003 0.810930003125
0 0.382364953125 0.7648907453125 0.38216495 0.7970350359375 0.39141425937499996 0.7962685125 0.393374840625 0.763657265625 0.382364953125 0.7648907453125
0 0.385509575 0.7256666171874999 0.3854212828125 0.753258653125 0.394043428125 0.75264354375 0.3963228203125 0.7239778046875001 0.385509575 0.7256666171874999
0 0.3894566640625 0.6904388296875 0.38931398437500003 0.71389581875 0.39808758593750004 0.7141659609375 0.39902353125 0.6901403484374999 0.3894566640625 0.6904388296875
0 0.4018317640625 0.661095525 0.3929372484375 0.6608126734375 0.39228831875000003 0.6844337859375 0.3998448296875 0.6834893421875 0.4018317640625 0.661095525
0 0.3958597015625 0.6341705203125 0.394652640625 0.6607756359375 0.4018317640625 0.661095525 0.40400613906249994 0.6345920781250001 0.3958597015625 0.6341705203125
0 0.398111059375 0.6115871625 0.39718180937500003 0.6332228125 0.404693134375 0.6327082859375001 0.40576588906250005 0.610870384375 0.398111059375 0.6115871625
0 0.40010594218750006 0.590280846875 0.39967499375000004 0.610664871875 0.4063399203125 0.610061384375 0.408154059375 0.5904747390625 0.40010594218750006 0.590280846875
0 0.4024116875 0.5718325359375 0.40159415000000004 0.5889159296875001 0.4081461109375 0.5893872359375 0.40944730468749996 0.5723546765624999 0.4024116875 0.5718325359375
0 0.40449150312500004 0.5555338109375 0.4036128828125 0.5708721203125 0.40931844218749996 0.571254465625 0.4109451421875 0.5557774484375 0.40449150312500004 0.5555338109375
0 0.40600523749999995 0.5411315859375 0.40556508750000003 0.5569506468750001 0.41119491874999997 0.5568903671875 0.4124509265625 0.5402877234375 0.40600523749999995 0.5411315859375
0 0.407969434375 0.5264643546875 0.40776936875 0.5410079578125 0.4124502625 0.5407126625 0.41394388125 0.5265018359375 0.407969434375 0.5264643546875
2 0.380469 0.7459797734375 0.380453728125 0.7914188281250001 0.4408636421875 0.78440905625 0.4442828203125 0.7581978171875 0.4417874109375 0.7461263796875001 0.4079144046875 0.7344965921875 0.380469 0.7459797734375
2 0.3842541953125 0.7099660390625 0.3824172890625 0.7400831484375 0.402409028125 0.7447430171875 0.43858308125 0.74185320625 0.44017673124999995 0.7203705796875 0.420564271875 0.7047286953125 0.3842541953125 0.7099660390625
2 0.3882966578125 0.685198046875 0.3876271359375 0.707368259375 0.41083419687499995 0.708823325 0.440329809375 0.7083806906250001 0.44444312343750003 0.690312 0.4333247765625 0.6781215328125 0.3882966578125 0.685198046875
2 0.394440875 0.624633021875 0.3945136125 0.6555413 0.4405439078125 0.65683653125 0.44465115937500005 0.6409322171875 0.4412797390625 0.6287687078124999 0.41380592343749995 0.6184019593750001 0.394440875 0.624633021875
2 0.44350539375000003 0.594952890625 0.433344896875 0.5820758203125 0.416322953125 0.576547175 0.399984153125 0.5866390578125 0.3977539578125 0.6078579609375 0.41158596875000003 0.6110831359375 0.43935002343749996 0.610261690625 0.44350539375000003 0.594952890625
2 0.44024726718749996 0.5743380578124999 0.42098604375 0.5648344875 0.3996560359375 0.5686940125 0.3973356640625 0.5865575093750001 0.4073135375 0.586425309375 0.439854725 0.5864995984375 0.44024726718749996 0.5743380578124999
2 0.43913976562499996 0.5395814546875 0.4187918640625 0.5340968765625 0.406295078125 0.5518748828125 0.41487709375000004 0.5523832515625 0.442363034375 0.55842125 0.4460561453125 0.5517239171874999 0.43913976562499996 0.5395814546875