1 0.43601726718749995 0.8373156546875 0.43755509843749996 0.860732178125 0.5085820812499999 0.8463033828125001 0.5048716671875 0.8225359953125 0.43601726718749995 0.8373156546875
3 0.49581567968750007 0.7831662203125 0.42859483593750003 0.7966086406249999 0.4311165953125 0.8413273718750001 0.5022791343749999 0.8239067234374999 0.49581567968750007 0.7831662203125
3 0.4254972296875 0.746525284375 0.427643684375 0.7942442421875 0.495089390625 0.7803672390624999 0.48814805312500004 0.7328157203125001 0.4254972296875 0.746525284375
3 0.4871711703125 0.7320950515625 0.4821908296875 0.69258295 0.423600771875 0.7057239765625 0.42573394999999997 0.7461889640625 0.4871711703125 0.7320950515625
3 0.420600540625 0.67259473125 0.422315371875 0.7079535531250001 0.4806656859375 0.6948209000000001 0.47641785781249996 0.662537653125 0.420600540625 0.67259473125
3 0.418274146875 0.641166259375 0.41985502500000005 0.672689175 0.475118434375 0.66051778125 0.47148404531250004 0.63205369375 0.418274146875 0.641166259375
3 0.417474421875 0.611391396875 0.4182021140625 0.639103525 0.47117226875 0.6299993328125 0.4668186484375 0.6015603625 0.417474421875 0.611391396875
3 0.41728158593750003 0.5852480765625 0.417890209375 0.6095505109375 0.4663498796875 0.6018840234375 0.4628643265625 0.5776820515625001 0.41728158593750003 0.5852480765625
3 0.41697147812499996 0.560696334375 0.4177603109375 0.5832855515625 0.4628933328125 0.5765886953125 0.46021631406249996 0.554918878125 0.41697147812499996 0.560696334375
3 0.416345565625 0.54252525625 0.416739828125 0.5619470765625 0.45938091718749996 0.5551574015625 0.4572937640625 0.5360471078125 0.416345565625 0.54252525625
3 0.41397640312500006 0.49767466875000005 0.41445179843749996 0.5112882203125 0.45190762187500005 0.5064464906249999 0.4500767234375 0.49060858281249997 0.41397640312500006 0.49767466875000005
3 0.414765309375 0.527529690625 0.41570170156249997 0.5439751984375001 0.4565168953125 0.53775410625 0.454978415625 0.5221583984375 0.414765309375 0.527529690625
3 0.45403097499999995 0.5204946578125 0.45214244062500003 0.506693596875 0.41420192812499995 0.5114284296875 0.4147490140625 0.5270949578125 0.45403097499999995 0.5204946578125
0 0.4314597390625 0.7601317703125 0.43578810468749996 0.7935031453125 0.44557730156249997 0.79164738125 0.44305644062500005 0.757780334375 0.4314597390625 0.7601317703125
0 0.429519059375 0.7150091703125 0.43379462343749997 0.7468684718749999 0.442847240625 0.7448221515625 0.44025013125 0.7122554156249999 0.429519059375 0.7150091703125
0 0.42588959531250004 0.6741354609375 0.4296704046875 0.7072598703125 0.4384737453125 0.7042215890625 0.43636256875 0.670958171875 0.42588959531250004 0.6741354609375
0 0.42493361093750004 0.6397921953125 0.42747354218750006 0.6707430296875 0.43696677656249994 0.6698653453125 0.43436583124999995 0.6381651671874999 0.42493361093750004 0.6397921953125
0 0.43220298437500004 0.6095898296875 0.4233556640625 0.61054760625 0.4260004734375 0.6340291546875 0.433352003125 0.6320422390625 0.43220298437500004 0.6095898296875
0 0.4221968578125 0.5826777078125 0.424704259375 0.60919189375 0.4318580359375 0.60850953125 0.430322684375 0.5819613984374999 0.4221968578125 0.5826777078125
0 0.4209955109375 0.5605570234374999 0.42308640468750003 0.58211144375 0.430453021875 0.5805565515625 0.4284760890625 0.558781875 0.4209955109375 0.5605570234374999
0 0.419756015625 0.5408276625 0.42216616875 0.5610732890625 0.428682240625 0.559548096875 0.42775279218750006 0.5398995859375 0.419756015625 0.5408276625
0 0.418877165625 0.5228049296874999 0.420445134375 0.53983585 0.4269989234375 0.5393907125 0.4259169796875 0.52234281875 0.418877165625 0.5228049296874999
0 0.418649346875 0.5058298609375 0.41991395468750004 0.5211411796875 0.425617203125 0.52072574375 0.4250740875 0.5051729546875 0.418649346875 0.5058298609375
0 0.4172043546875 0.49084376562500004 0.418970075 0.506570134375 0.4245367296875 0.5057269203125 0.42346987187499996 0.4891110484375 0.4172043546875 0.49084376562500004
0 0.4168394015625 0.47714764218749994 0.4186653640625 0.49157755156249994 0.42325960625 0.49063367343750003 0.42276092343749994 0.47635327656250004 0.4168394015625 0.47714764218749994
2 0.42467271718750005 0.7408681125000001 0.43006480937499997 0.7814107328125 0.49263006093749995 0.7674442359375 0.488030928125 0.7224978765625 0.42467271718750005 0.7408681125000001
2 0.4194732 0.6353512718750001 0.4233901078125 0.666183453125 0.4714872265625 0.655415146875 0.4760193765625 0.6333766359374999 0.46902455625000006 0.6228490890625 0.44746641093750006 0.618216009375 0.4194732 0.6353512718750001
2 0.41705622656249997 0.609516 0.41876495937499997 0.631336575 0.46881195781249996 0.622183275 0.4681309984375 0.60268314375 0.46049711562500006 0.5955441046875001 0.4297296421875 0.5983016234375 0.41705622656249997 0.609516
2 0.457949728125 0.5713964828125 0.431226703125 0.5652606687499999 0.416555178125 0.5789011562499999 0.418133496875 0.6024093796875001 0.44303832187500003 0.5998565890625 0.4693504234375 0.5942250828125 0.4659631125 0.5731363640625 0.457949728125 0.5713964828125
2 0.46349284218750003 0.5728860078125 0.462350196875 0.5564315718749999 0.4619249984375 0.5550999437499999 0.435981925 0.5496101328125 0.41509426562499996 0.5587550234374999 0.4179494453125 0.58087218125 0.46349284218750003 0.5728860078125
2 0.4598459703125 0.5497866390625 0.458644621875 0.5316511562499999 0.444828559375 0.5264110984375 0.4272640984375 0.5276977015625001 0.41513455625000006 0.53821985 0.417636246875 0.5556366828125 0.4598459703125 0.5497866390625
2 0.4580680609375 0.520562859375 0.46008044375 0.5077010578125 0.4451426828125 0.49745088437499996 0.42794471874999995 0.49838806875 0.4182984515625 0.5041108296875 0.41727862031249996 0.5182844484375 0.4307634078125 0.52488255 0.4580680609375 0.520562859375
2 0.44583124375 0.4846353125 0.431541753125 0.4821047390625 0.42409445625000003 0.485730996875 0.4238767890625 0.5066089828125 0.45592112343749996 0.5024603984375 0.45742485781250003 0.49129945625 0.44583124375 0.4846353125