1 0.44191398125000003 0.8383809328125 0.4438602546875 0.8617670515625001 0.5146246015625 0.8461008609375 0.5104999546875 0.82240185 0.44191398125000003 0.8383809328125
3 0.5007582484374999 0.7831961187500001 0.433782246875 0.7978096578125 0.4370840703125 0.8424775671875 0.5079317390625 0.8238176140625001 0.5007582484374999 0.7831961187500001
3 0.42981103593750003 0.7477879890625 0.43278997500000005 0.79546221875 0.499983221875 0.7804102390625001 0.49221305312499997 0.73298710625 0.42981103593750003 0.7477879890625
3 0.491223740625 0.7322835953125 0.485554578125 0.6928644328125 0.4272027859375 0.7070259953125 0.4300418515625 0.747447590625 0.491223740625 0.7322835953125
3 0.4236248265625 0.67395415625 0.4259564921875 0.7092776640625 0.4840687234375 0.6951286578125 0.47925812187499994 0.6629244625 0.4236248265625 0.67395415625
3 0.42075028437500006 0.6425710718750001 0.422881071875 0.6740615953125 0.4779236453125 0.6609275765625 0.47379304375000003 0.632531253125 0.42075028437500006 0.6425710718750001
3 0.41943103906249996 0.6128147015625001 0.4206422640625 0.6405099078125 0.47344546093749995 0.630482646875 0.46859617499999995 0.6021239890625 0.41943103906249996 0.6128147015625001
3 0.41878196875 0.586678728125 0.41981463437500005 0.610966840625 0.46813312500000004 0.60245578125 0.464225721875 0.5783183281250001 0.41878196875 0.586678728125
3 0.41804342187500004 0.5621361375 0.4192263703125 0.584708146875 0.464235640625 0.57722463125 0.46118083906249996 0.555604834375 0.41804342187500004 0.5621361375
3 0.41710047499999997 0.5439787500000001 0.417833634375 0.5633907312499999 0.4603497328125 0.5558579015625 0.4579293765625 0.5367869453125 0.41710047499999997 0.5439787500000001
3 0.413948921875 0.49917634062499994 0.41466183437500004 0.5127795234375 0.45202745312500003 0.5072848375000001 0.4499204234375 0.49148129375 0.413948921875 0.49917634062499994
3 0.41525875 0.5290130468750001 0.4164820140625 0.545439709375 0.45718241718749997 0.538507240625 0.45537199062499994 0.5229407578124999 0.41525875 0.5290130468750001
3 0.4543956578125 0.52129380625 0.45226654843749997 0.5075278062499999 0.4144144484375 0.512924071875 0.4152348703125 0.528578665625 0.4543956578125 0.52129380625
0 0.436010103125 0.76128834375 0.440920221875 0.794579096875 0.4506755390625 0.79255276875 0.447564 0.758734875 0.436010103125 0.76128834375
0 0.433282221875 0.7162064859374999 0.43811315625 0.7479863156250001 0.4471286796875 0.7457823171875 0.4439635984375 0.7132658671875001 0.433282221875 0.7162064859374999
0 0.428939965625 0.6754023453125 0.43329829999999997 0.7084557234375 0.442047275 0.705264265625 0.43935589375 0.672042759375 0.428939965625 0.6754023453125
0 0.42738475468750003 0.6410809921875 0.43046446562499996 0.6719827859375 0.43994093593750005 0.67093955625 0.4367871421875 0.6392895984375 0.42738475468750003 0.6410809921875
0 0.43412591718750004 0.6107563593750001 0.425296659375 0.6118683984375 0.428350875 0.6353002109375 0.43566660781250005 0.6331852953125 0.43412591718750004 0.6107563593750001
0 0.4236516328125 0.5840229671875 0.4266213890625 0.6104893546875 0.43376216718749994 0.6096822453125 0.4317637203125 0.583164953125 0.4236516328125 0.5840229671875
0 0.422064409375 0.56192661875 0.4245311625 0.583441265625 0.43186952031250003 0.5817580437500001 0.42951286718750004 0.5600211875000001 0.422064409375 0.56192661875
0 0.42048077812500007 0.5422218953125 0.4232439 0.5624223749999999 0.4297323609375 0.56078369375 0.42846014062500004 0.541154396875 0.42048077812500007 0.5422218953125
0 0.419287521875 0.5242172453125 0.42115248125000004 0.5412182062500001 0.4276975046875 0.5406587578125001 0.42631819843749996 0.52363234375 0.419287521875 0.5242172453125
0 0.41876348124999996 0.5072487375 0.4202951171875 0.5225356546875 0.4259902453125 0.5220207453125 0.42517577968750003 0.5064798046875 0.41876348124999996 0.5072487375
0 0.417057165625 0.49229014375 0.41909708125 0.5079833 0.42464817187500004 0.5070430640625 0.42329148906249997 0.4904483421875 0.417057165625 0.49229014375
0 0.41645323906250004 0.478602475 0.418530759375 0.49299831875000005 0.42310782968750005 0.49197440468750003 0.4223599953125 0.47770488593750005 0.41645323906250004 0.478602475
2 0.4288879171875 0.7421460703125 0.43498675468750003 0.782588409375 0.4972987296875 0.7675321265624999 0.49191587343750004 0.722672878125 0.4288879171875 0.7421460703125
2 0.4218476703125 0.63673604375 0.42630207656249997 0.66749516875 0.4742039375 0.6558890921875 0.478350771875 0.6337748421875 0.4711732859375 0.623370975 0.44953756718750004 0.6191148421875 0.4218476703125 0.63673604375
2 0.4189801765625 0.6109468890625 0.421069471875 0.6327343187500001 0.4709491 0.6227089718750001 0.4699279203125 0.6032236953125001 0.4621706078125 0.5962189718750001 0.4314559453125 0.5995130390625001 0.4189801765625 0.6109468890625
2 0.459202171875 0.5721194875 0.43237613281250004 0.5664509890625 0.417944903125 0.5803454515625 0.4199332546875 0.6038225500000001 0.444789734375 0.6008354984375 0.4709995453125 0.594745640625 0.467244703125 0.57371925 0.459202171875 0.5721194875
2 0.4647704390625 0.5735120453125 0.463340796875 0.55708005625 0.462892425 0.5557560515625 0.43685749218750003 0.5507198453125 0.4161326140625 0.5602278843749999 0.41937335625000005 0.58229184375 0.4647704390625 0.5735120453125
2 0.46072098281249996 0.550479840625 0.459203309375 0.5323680875 0.4452979 0.5273699515625 0.42775856875 0.5289629 0.415814509375 0.5396951359375 0.41861978437499997 0.5570656546875 0.46072098281249996 0.550479840625
2 0.45843331875000004 0.5212915406249999 0.46022092499999995 0.5083965765625 0.44510655000000005 0.49840866406249995 0.42792756093750006 0.499645853125 0.41838263906249995 0.5055360921875 0.41761032656249997 0.5197253500000001 0.4312082140625 0.52608710625 0.45843331875000004 0.5212915406249999
2 0.44557134375 0.4855830265625 0.43123986406250003 0.483302225 0.42385698749999995 0.4870579046875 0.42400372500000005 0.507936509375 0.4559707765625 0.50322930625 0.457279496875 0.49204381875000003 0.44557134375 0.4855830265625