1 0.447166640625 0.9042919953125 0.44992789218749996 0.9275959421875 0.5201023890625 0.90946965625 0.515153171875 0.8859290296875001 0.447166640625 0.9042919953125
3 0.5040491421875 0.8470871640625001 0.4376239421875 0.8640292281249999 0.4424826421875 0.9085546953125 0.51263593125 0.8874335625 0.5040491421875 0.8470871640625001
3 0.43290867187500004 0.81563830625 0.437549603125 0.8631795296875 0.504176609375 0.845791709375 0.4947561328125 0.7986686421875 0.43290867187500004 0.81563830625
3 0.49389052343750006 0.7970319703125 0.48684910625000005 0.7578346703125 0.429027090625 0.7740240546875 0.43327511875 0.8143219453125001 0.49389052343750006 0.7970319703125
3 0.425942028125 0.7387616234375 0.42950504375 0.7739822390625 0.48708808281250005 0.7578137625 0.4811565 0.7257970734375 0.425942028125 0.7387616234375
3 0.4233401671875 0.7090222234375 0.426568659375 0.740419203125 0.48111933125000006 0.7253722265625 0.4760002296875 0.6971373562500001 0.4233401671875 0.7090222234375
3 0.4211259625 0.680961309375 0.42330299687500006 0.708597375 0.4757240828125 0.696733415625 0.4698880484375 0.668561271875 0.4211259625 0.680961309375
3 0.419612728125 0.6554076734375001 0.42149240781249997 0.6796449484375 0.46948443125 0.669452784375 0.4647370234375 0.6454664015625 0.419612728125 0.6554076734375001
3 0.4178073875 0.63202009375 0.4197773671875 0.6545370671875 0.464498046875 0.645487309375 0.4606905859375 0.6239872953125001 0.4178073875 0.63202009375
3 0.41684306250000003 0.6138531546875 0.41825324531249997 0.6332277234375 0.4604805515625 0.6242156921875 0.45739610312499995 0.6052408218750001 0.41684306250000003 0.6138531546875
3 0.41306787656250005 0.5658184109375 0.4142550984375 0.5793884265625 0.4514061921875 0.57259304375 0.4487489125 0.5568726640625 0.41306787656250005 0.5658184109375
3 0.41520747187499996 0.5967055140624999 0.4170032734375 0.613079478125 0.45743694375 0.604730809375 0.45508435625 0.589236990625 0.41520747187499996 0.5967055140624999
3 0.454309434375 0.58705459375 0.4517011953125 0.5733712875 0.41406048125000006 0.5800852828124999 0.41542674062499996 0.5957017078125 0.454309434375 0.58705459375
0 0.43946447656250004 0.8285164999999999 0.445533434375 0.8616156140625 0.4552120921875 0.8592500624999999 0.45092222031249996 0.8255613640625 0.43946447656250004 0.8285164999999999
0 0.4350697765625 0.78246978125 0.44100686875 0.814061653125 0.44993998281250003 0.8115443625 0.4456420234375 0.779158178125 0.4350697765625 0.78246978125
0 0.43067230624999997 0.7433662890625 0.43585044687499996 0.770468228125 0.444196809375 0.7682192375 0.440964640625 0.739645240625 0.43067230624999997 0.7433662890625
0 0.4278250984375 0.7080325953125 0.4321608453125 0.7310858375 0.44082479531249996 0.729676934375 0.4371592421875 0.7059141531249999 0.4278250984375 0.7080325953125
0 0.43437386718750004 0.6768671281249999 0.42558879843749997 0.678286628125 0.4294589109375 0.701597575 0.436696378125 0.699228634375 0.43437386718750004 0.6768671281249999
0 0.42337399375 0.6515763359375 0.42726560625000004 0.6779229578125 0.43437386718750004 0.6768671281249999 0.4314511953125 0.650435734375 0.42337399375 0.6515763359375
0 0.4212748796875 0.62897831875 0.42449097968749994 0.6503937703125 0.43176612499999995 0.64845546875 0.42865230312499997 0.6268141 0.4212748796875 0.62897831875
0 0.419167675 0.6076828187500001 0.42263409999999996 0.6277745593749999 0.429061421875 0.6259104328125 0.427104921875 0.60633749375 0.419167675 0.6076828187500001
0 0.417910953125 0.5891334968749999 0.42036810156250004 0.606059015625 0.42688961406250003 0.6052714890625001 0.4249169359375 0.5883035859375 0.417910953125 0.5891334968749999
0 0.4168426125 0.572737378125 0.4189068234375 0.5879615296875 0.42458051093750004 0.5872481765625001 0.42322417031250004 0.5717451265625 0.4168426125 0.572737378125
0 0.4155804625 0.5583109281249999 0.41816681874999995 0.573923334375 0.4236817125 0.5727899390625 0.421746709375 0.556252675 0.4155804625 0.5583109281249999
0 0.41470993125 0.5435383890625001 0.41728859375000005 0.557852959375 0.42182714062500004 0.5566699328125 0.4205817625 0.5424352046875 0.41470993125 0.5435383890625001
2 0.42960027343749996 0.764268021875 0.4382554640625 0.8088751484375001 0.49621795 0.7904674093749999 0.4945729671875 0.7640853359374999 0.48982006718750004 0.75271183125 0.4543503359375 0.7477589890624999 0.42960027343749996 0.764268021875
2 0.42644418125000005 0.7281937125 0.4303876390625 0.7581079828124999 0.45090121875 0.758867634375 0.48585925 0.74912858125 0.4833245421875 0.7277365703124999 0.46108780625 0.716124303125 0.42644418125000005 0.7281937125
2 0.425686415625 0.7031094390625 0.429259471875 0.7250000734375 0.4523177921875 0.7220002890624999 0.481187028125 0.715937759375 0.48177710156250003 0.697416184375 0.46853697812500006 0.6875711718749999 0.425686415625 0.7031094390625
2 0.4201613953125 0.6424847921875 0.4261303734375 0.67281131875 0.47156210468750004 0.6652997593750001 0.47255920781249994 0.6489039515624999 0.46692882343750003 0.6376072171875 0.437981709375 0.6326731859375 0.4201613953125 0.6424847921875
2 0.4626612234375 0.60398801875 0.45023034375000004 0.59328625 0.43246622500000004 0.591107121875 0.41835323750000003 0.6041311765625 0.42021277343749996 0.6253857703125 0.43440604531250004 0.62591241875 0.46150325625 0.619808434375 0.4626612234375 0.60398801875
2 0.4555294640625 0.5843736171875 0.4348087546875 0.57871986875 0.4146070734375 0.5865784406250001 0.4157378484375 0.6045564828125001 0.4255071765625 0.60252284375 0.45746466406249997 0.5963866171875 0.4555294640625 0.5843736171875
2 0.4478104375 0.5504669125 0.417343634375 0.550446778125 0.4179148953125 0.5688015375 0.42459389375 0.5763799359374999 0.45456928750000003 0.5683455390625001 0.456916634375 0.561066575 0.4478104375 0.5504669125