1 0.42608003906249997 0.9009728421875 0.4276178703125 0.924389365625 0.49864485312499995 0.9099605703125 0.49493444062499997 0.8861931828125 0.42608003906249997 0.9009728421875
3 0.48587845312500005 0.846823409375 0.41865760781250005 0.860265828125 0.42117936718750004 0.904984559375 0.4923419078125 0.8875639109375 0.48587845312500005 0.846823409375
3 0.4164813859375 0.8116944453125001 0.41862784062499997 0.859413403125 0.48607354531249997 0.8455364 0.47913221093749997 0.797984884375 0.4164813859375 0.8116944453125001
3 0.47835344375 0.7963051531249999 0.47337310468749993 0.756793053125 0.4147830453125 0.7699340796875 0.4169162234375 0.8103990671875 0.47835344375 0.7963051531249999
3 0.413547703125 0.7345585140625001 0.4152625328125 0.7699173359375 0.47361284843749996 0.75678468125 0.46936501875000003 0.724501434375 0.413547703125 0.7345585140625001
3 0.4125058484375 0.7047237 0.41408672500000004 0.7362466171875 0.4693501359375 0.7240752234375 0.4657157484375 0.6956111359375 0.4125058484375 0.7047237
3 0.4117632734375 0.6765853609375 0.412490965625 0.7042974875 0.46546112031250003 0.6951932953125 0.46110749999999995 0.6667543265625 0.4117632734375 0.6765853609375
3 0.4115894875 0.6509875468749999 0.41219810937499995 0.67528998125 0.46065777812500003 0.6676234937500001 0.45717222812499997 0.6434215234375 0.4115894875 0.6509875468749999
3 0.41101063125000004 0.6275375359375001 0.41179946406249995 0.6501267515625 0.4569324828125 0.6434298953125 0.4542554640625 0.6217600796875 0.41101063125000004 0.6275375359375001
3 0.4109984125 0.609345025 0.411392675 0.6287668453124999 0.4540337640625 0.6219771703125 0.4519466109375 0.6028668781250001 0.4109984125 0.609345025
3 0.40974234374999996 0.561178534375 0.41021773906250003 0.5747920859375 0.4476735625 0.5699503546875 0.445842665625 0.5541124484375 0.40974234374999996 0.561178534375
3 0.4102625015625 0.5921352843750001 0.4111988953125 0.6085807937500001 0.4520140875 0.6023597015625 0.4504756078125 0.5867639921875 0.4102625015625 0.5921352843750001
3 0.44981596718750005 0.5845440296875 0.44792743125 0.5707429703125 0.4099869171875 0.5754778015625 0.4105340046875 0.5911443296875001 0.44981596718750005 0.5845440296875
0 0.4223542125 0.8248980953125 0.42668257968749995 0.858269471875 0.43647177656249997 0.8564137046875 0.433950915625 0.8225466609375 0.4223542125 0.8248980953125
0 0.4203754359375 0.77868448125 0.4246509984375 0.81054378125 0.433703615625 0.8084974624999999 0.4311065078125 0.775930725 0.4203754359375 0.77868448125
0 0.41803051093750004 0.7394044328125 0.421783146875 0.7667402328125 0.43023577656249995 0.7649311390625 0.428503484375 0.7362271421875 0.41803051093750004 0.7394044328125
0 0.417036428125 0.7039701515625 0.42015971875 0.7272187156250001 0.42888553125 0.7262651796874999 0.4264686484375 0.7023431234374999 0.417036428125 0.7039701515625
0 0.4252072953125 0.6731901328125 0.41635997500000005 0.6741479109374999 0.41900478281250003 0.6976294578125 0.4263563125 0.6956425421875 0.4252072953125 0.6731901328125
0 0.41554611562500005 0.647358309375 0.41805351875 0.673872496875 0.4252072953125 0.6731901328125 0.42367194062499997 0.646642 0.41554611562500005 0.647358309375
0 0.414632565625 0.624681403125 0.4167234609375 0.6462358234375001 0.424090078125 0.6446809296875 0.42211314531250005 0.6229062546875 0.414632565625 0.624681403125
0 0.4136427703125 0.6033048062499999 0.4160529234375 0.62355043125 0.42256899687500005 0.6220252390625001 0.421639546875 0.6023767296875 0.4136427703125 0.6033048062499999
0 0.4133585671875 0.584715134375 0.414926534375 0.6017460531250001 0.421480325 0.601300915625 0.42039838124999995 0.584253025 0.4133585671875 0.584715134375
0 0.413149796875 0.5682855734375 0.41441440781249994 0.5835968921875 0.420117653125 0.5831814546875 0.41957453906250003 0.5676286671875 0.413149796875 0.5682855734375
0 0.4126443984375 0.5538128390625 0.41441011874999995 0.56953920625 0.41997677343750006 0.56869599375 0.418909915625 0.5520801234375 0.4126443984375 0.5538128390625
0 0.4125481953125 0.539014984375 0.41437415624999996 0.5534448937499999 0.4189683984375 0.5525010171875 0.418469715625 0.5382206187499999 0.4125481953125 0.539014984375
2 0.415866034375 0.760221415625 0.42217480625 0.8052203859375 0.48102124375 0.789871396875 0.48075924687500005 0.7634393875 0.47660810312499996 0.7518327218749999 0.44144619374999994 0.745030325 0.415866034375 0.760221415625
2 0.41460225 0.7240313671874999 0.41697471249999996 0.7541110265625 0.437420421875 0.7559432328125 0.472840246875 0.748047090625 0.471428584375 0.7265517390625 0.44983006249999996 0.71379160625 0.41460225 0.7240313671874999
2 0.4151583328125 0.6989418125 0.41758082500000004 0.7209894453125 0.44076454218750005 0.7192005515625 0.4699115015625 0.7146572296875 0.4714701109375 0.6961919203125 0.45876338125 0.6856674640625 0.4151583328125 0.6989418125
2 0.4128137328125 0.6381110921875 0.4171873625 0.66870845 0.46294995781250003 0.6635848984375 0.46480378437500003 0.6472637437500001 0.459772340625 0.6356878203125 0.43112312499999994 0.6292455765625 0.4128137328125 0.6381110921875
2 0.4572700828125 0.6018913453125 0.44541632656249996 0.5905536625 0.42779059999999997 0.5874478171875 0.4130153265625 0.5997154078125 0.4137599359375 0.62103819375 0.4279061921875 0.6223069375 0.455285725 0.6176294765625 0.4572700828125 0.6018913453125
2 0.45117463437499994 0.5819305781249999 0.43077821875 0.575200140625 0.4101929359375 0.5819906671874999 0.4103812640625 0.6000032515625 0.42024363437499995 0.5984836859375 0.452478471875 0.59402839375 0.45117463437499994 0.5819305781249999
2 0.4452407265625 0.5476663578125 0.41481673125 0.5460517421875 0.41442659531250003 0.5644112453125001 0.4206998171875 0.572328809375 0.4510546203125 0.5658742140624999 0.4537797 0.5587280765625 0.4452407265625 0.5476663578125