1 0.44782839062499996 0.8393431359375001 0.450182509375 0.862691725 0.5206626671875 0.8457929140625 0.51612504375 0.8221694968750001 0.44782839062499996 0.8393431359375001
3 0.5057005875 0.7831397531250001 0.43898982656249996 0.7989199578124999 0.443070709375 0.8435234406250001 0.5135819265625 0.8236298671875 0.5057005875 0.7831397531250001
3 0.43414622343750003 0.7489752171874999 0.43795673749999997 0.7965901953125 0.5048770578124999 0.780367825 0.49628042499999997 0.7330875234375 0.43414622343750003 0.7489752171874999
3 0.49527898593749997 0.732401384375 0.4889227265625 0.693087165625 0.430826975 0.70826495 0.4343710625 0.748630840625 0.49527898593749997 0.732401384375
3 0.426672378125 0.67526059375 0.42962016875 0.710538028125 0.487476615625 0.695376978125 0.4821047046875 0.6632616437500001 0.426672378125 0.67526059375
3 0.4232505625 0.6439324562500001 0.4259306125 0.675380996875 0.48073558125 0.6612883515625 0.476110025 0.6329684421875 0.4232505625 0.6439324562500001
3 0.4214121984375 0.614203640625 0.42310658593749995 0.641873490625 0.47572674062500003 0.6309262140625 0.4703832671875 0.6026565078125 0.4214121984375 0.614203640625
3 0.420307090625 0.5880829765625 0.4217634859375 0.6123493671875 0.469926078125 0.60299633125 0.4655980140625 0.578930746875 0.420307090625 0.5880829765625
3 0.41914032968750004 0.5635570140625 0.42071703281249995 0.5861049390625 0.46558884375 0.57783704375 0.462157190625 0.556273853125 0.41914032968750004 0.5635570140625
3 0.41788063593749997 0.5454188484375 0.41895247031249994 0.564815078125 0.4613306265625 0.5565413875 0.45857780468750003 0.537515575 0.41788063593749997 0.5454188484375
3 0.413947653125 0.5006782656250001 0.414897865625 0.5142669328125 0.452161896875 0.5081209640625 0.44977937968750004 0.49235660000000003 0.413947653125 0.5006782656250001
3 0.4157780046875 0.5304875671875 0.4172877671875 0.546890378125 0.4578609828125 0.5392486453124999 0.455779159375 0.5237161296874999 0.4157780046875 0.5304875671875
3 0.45477423124999994 0.52208646875 0.452405196875 0.5083597234375 0.4146530390625 0.5144157765624999 0.4157465484375 0.53005366875 0.45477423124999994 0.52208646875
0 0.44057995937500005 0.762365325 0.44607033281249997 0.7955653140625001 0.4557888015625 0.7933690421875 0.4520875328125 0.759610603125 0.44057995937500005 0.762365325
0 0.43706570625 0.7173379421875 0.4424505390625 0.7490286203125 0.45142622499999996 0.7466676140625 0.4476941359375 0.71421135625 0.43706570625 0.7173379421875
0 0.43201198124999995 0.6766157984375 0.43694651249999994 0.7095880796875 0.44563845625000004 0.7062444171875 0.4423676890625 0.6730749421875 0.43201198124999995 0.6766157984375
0 0.4298580171875 0.6423268156249999 0.4334765703125 0.6731701546875 0.4429333890625 0.671961696875 0.4392277078125 0.6403716 0.4298580171875 0.6423268156249999
0 0.43606891406250003 0.611889153125 0.427260409375 0.6131551125 0.4307231015625 0.636530053125 0.4380008109375 0.6342877828125 0.43606891406250003 0.611889153125
0 0.4251296640625 0.5853426328125 0.4285608703125 0.6117531609375 0.43568647499999996 0.61082155 0.4332255421875 0.5843431734375 0.4251296640625 0.5853426328125
0 0.423157046875 0.5632773515625 0.4259989078125 0.5847456703125 0.4333067703125 0.5829346328125 0.4305711171875 0.561242215625 0.423157046875 0.5632773515625
0 0.4212297625 0.5436032671875 0.4243450109375 0.5637524468749999 0.43080388437500006 0.562000775 0.4291892796875 0.542396671875 0.4212297625 0.5436032671875
0 0.41972246406249997 0.525622184375 0.42188384687499997 0.5425880078125 0.4284181109375 0.5419144171875 0.4267418625 0.5249146687499999 0.41972246406249997 0.525622184375
0 0.4189023625 0.50866540625 0.4207005578125 0.5239232640625 0.4263858328125 0.5233090390624999 0.4253002640625 0.5077846796875 0.4189023625 0.50866540625
0 0.41693524374999996 0.4937388703125 0.41924873125 0.5093940359375 0.424782565625 0.5083570625 0.4231364734375 0.4917885453125 0.41693524374999996 0.4937388703125
0 0.416092525 0.4800638265625 0.418420971875 0.49442121875 0.4229794734375 0.4933175796875 0.4219827171875 0.4790632859375 0.416092525 0.4800638265625
2 0.4331247796875 0.7433502671875 0.4399285046875 0.7836800078125 0.5019682203125 0.7675385234375 0.49580328281249997 0.7227800515625 0.4331247796875 0.7433502671875
2 0.424245946875 0.6380791640625 0.4292364953125 0.668755865625 0.47692850625 0.656315553125 0.4806887625 0.6341322984375 0.473330796875 0.6238552796875 0.4516240921875 0.6199773921875 0.424245946875 0.6380791640625
2 0.42092880624999995 0.6123439828125 0.42339802656250003 0.6340916296875 0.4730950921875 0.6231972906250001 0.4717340015625 0.6037328046875 0.46385562187499996 0.5968645312499999 0.4332031265625 0.600694140625 0.42092880624999995 0.6123439828125
2 0.46046704531250005 0.5728205234375 0.4335461625 0.5676210671875 0.419359621875 0.5817652734375 0.421757403125 0.6052040953125 0.446557965625 0.6017836921875 0.4726575015625 0.5952373375 0.46853627031249995 0.57427968125 0.46046704531250005 0.5728205234375
2 0.46605876718749994 0.5741156890625 0.464342565625 0.5577111546875 0.46387115312500005 0.5563951765625 0.4377522921875 0.551814109375 0.41719650937499997 0.5616823984375 0.4208218265625 0.583686440625 0.46605876718749994 0.5741156890625
2 0.4616079609375 0.551157665625 0.45977442343749997 0.5330751578124999 0.445783903125 0.528320465625 0.42827504375 0.530219275 0.41652010781250004 0.5411583281250001 0.4196281125 0.5584772453125 0.4616079609375 0.551157665625
2 0.4582916734375 0.52205006875 0.4598539609375 0.5091258703125 0.44456757343750003 0.4994032609375 0.42741279375 0.500940075 0.4179721234375 0.506996 0.41744756406250005 0.521196575 0.43115440937500005 0.527320046875 0.4582916734375 0.52205006875
2 0.4453280234375 0.48653513437499996 0.43095892031250005 0.48450479843750005 0.4236427140625 0.4883887546875 0.4241538109375 0.50926161875 0.45603384062499996 0.5039972296874999 0.45714714843750004 0.49279060625 0.4453280234375 0.48653513437499996
2 0.4198230890625 0.52156578125 0.4224357484375 0.5372766046875 0.4595102125 0.536478534375 0.46025024062500003 0.524378475 0.46040265468749997 0.524495990625 0.4536076953125 0.5170243812499999 0.43163652187499996 0.51522824375 0.4198230890625 0.52156578125