1 0.48433826093750004 0.9096635390625 0.48145957812500007 0.8857811390625001 0.41213131875000003 0.8981488109375 0.41285098906249995 0.9216047390625001 0.48433826093750004 0.9096635390625
3 0.407093625 0.9019870531249999 0.4788207875 0.8870605546875 0.47378309375 0.8461192984375 0.40613406406249997 0.8572075546875 0.407093625 0.9019870531249999
3 0.4740229828125 0.8448398828125001 0.4687454 0.7970750843750001 0.405654284375 0.8085898125 0.40613406406249997 0.8563546109375 0.4740229828125 0.8448398828125001
3 0.40541439375 0.7667956140625 0.40613406406249997 0.8073103984375001 0.4680257296875 0.7953691984375 0.4644273765625 0.7557073562500001 0.40541439375 0.7667956140625
3 0.46466726718749995 0.7557073562500001 0.46154869375 0.723295528125 0.40541439375 0.7313984859375 0.4058941734375 0.7667956140625 0.46466726718749995 0.7557073562500001
3 0.46154869375 0.7228690578125 0.458909903125 0.6942954718750001 0.40541439375 0.7015454859375 0.4058941734375 0.733104371875 0.46154869375 0.7228690578125
3 0.4586700125 0.6938690000000001 0.45531154999999995 0.6652954156249999 0.405654284375 0.6733983718750001 0.40541439375 0.7011190140625 0.4586700125 0.6938690000000001
3 0.45483176875 0.6661483578125 0.452192978125 0.6418394875 0.40637395468750004 0.6478100875 0.40613406406249997 0.6721189578125 0.45483176875 0.6661483578125
3 0.4519530875 0.6418394875 0.45003396562500003 0.6200894453125 0.4066138453125 0.6243541593749999 0.4066138453125 0.64695714375 0.4519530875 0.6418394875
3 0.4498048234375 0.6202986671875 0.44838588125 0.601127175 0.40723654375 0.6061723046874999 0.40695275468750003 0.625596053125 0.4498048234375 0.6202986671875
3 0.44526420624999996 0.5680815765625 0.44398715937500005 0.5521894203125 0.40766222656249995 0.55799131875 0.40766222656249995 0.57161316875 0.44526420624999996 0.5680815765625
3 0.44847101718750004 0.6006226625 0.4474777578125 0.5849827609375 0.4071016921875 0.5889473640625 0.40746357499999997 0.6054155359375 0.44847101718750004 0.6006226625
3 0.40740761406250003 0.5722904109375 0.40740761406250003 0.5879664890625 0.44689599375 0.5827411296875 0.4454902578125 0.56888256875 0.40740761406250003 0.5722904109375
0 0.4240718171875 0.853979484375 0.42273443437499997 0.8200450937499999 0.4110627328125 0.8219903765625001 0.41422381875000003 0.8554924828124999 0.4240718171875 0.853979484375
0 0.4229775953125 0.8059958234375 0.4215186328125 0.7733582875 0.4106979921875 0.7757358562500001 0.41385907812499995 0.8077249640625 0.4229775953125 0.8059958234375
0 0.42103231093750004 0.7623350140625 0.4203028296875 0.733588046875 0.40972535 0.7363978999999999 0.41252169531250005 0.7638480125 0.42103231093750004 0.7623350140625
0 0.42103231093750004 0.7236454859375 0.41945176875 0.6996536546875001 0.4099685109375 0.7009505109374999 0.4122785359375 0.7242939140625 0.42103231093750004 0.7236454859375
0 0.4121569546875 0.694682375 0.41957334843750005 0.692953234375 0.41920860781249997 0.6704744015624999 0.41033325156249995 0.6711228296875 0.4121569546875 0.694682375
0 0.41920860781249997 0.6704744015624999 0.41860070625 0.643888859375 0.41045483125000004 0.6443211453125001 0.412035375 0.6709066875 0.41920860781249997 0.6704744015624999
0 0.419087028125 0.6419435765625 0.417871225 0.620113171875 0.41033325156249995 0.6216261703125 0.41167063437499996 0.64324043125 0.419087028125 0.6419435765625
0 0.418357546875 0.6192486015625 0.4181143859375 0.5995796234374999 0.41009009062499996 0.6002280515625 0.4117922140625 0.62054545625 0.418357546875 0.6192486015625
0 0.41799280625 0.598498909375 0.41750648437500004 0.58142364375 0.41045483125000004 0.5816397859375 0.41142747343749997 0.5987150515625 0.41799280625 0.598498909375
0 0.41726332499999996 0.5803429296875 0.41726332499999996 0.5647806609375 0.410819571875 0.565212946875 0.41154905468749997 0.5805590734375 0.41726332499999996 0.5803429296875
0 0.41762806562500004 0.565861375 0.41714174374999996 0.54921839375 0.410819571875 0.550731390625 0.412035375 0.5665098015625001 0.41762806562500004 0.565861375
0 0.4171855015625 0.5496410734375 0.4171855015625 0.5353519703125 0.411239865625 0.53593919375 0.4125611171875 0.5504240375 0.4171855015625 0.5496410734375
2 0.406835690625 0.7571266624999999 0.411570178125 0.80231839375 0.4709164390625 0.789032465625 0.471577065625 0.7626074140625 0.4678335171875 0.750862946875 0.432930428125 0.7428375609375 0.406835690625 0.7571266624999999
2 0.406835690625 0.7209145546875 0.4081569421875 0.7510586875 0.428526253125 0.7536033234375 0.4642000734375 0.7469481250000001 0.46353944687500004 0.7254166015625 0.44239940468750005 0.7119104640625 0.406835690625 0.7209145546875
2 0.408267046875 0.6958596906250001 0.4099186125 0.7179784375 0.4331506375 0.7169997328125 0.4624384015625 0.7134763921875 0.464640490625 0.6950767265625 0.45230880000000007 0.6841152234375001 0.408267046875 0.6958596906250001
2 0.4080468375 0.6349842015625 0.4113499703125 0.6657155578125 0.457263496875 0.66219221875 0.45968579375 0.6459457046875 0.455061409375 0.6342012375 0.426654478125 0.6267630750000001 0.4080468375 0.6349842015625
2 0.44834504218750004 0.5801766875000001 0.42819593906250003 0.572738525 0.4073862109375 0.5788065 0.40694579375 0.5968146828124999 0.4168551890625 0.5956402359374999 0.4492258765625 0.5923126375 0.44834504218750004 0.5801766875000001
2 0.443610553125 0.54572625 0.41326144062500003 0.5430508359374999 0.4122308046875 0.5613855390625 0.41822388593750004 0.5695172125 0.448785459375 0.564125915625 0.4517582765625 0.5570792359375 0.443610553125 0.54572625