1 0.46839805468750007 0.9065030109375 0.47237515625000004 0.929630509375 0.541504825 0.9078564140625 0.5353303703125001 0.8846070718749999 0.46839805468750007 0.9065030109375
3 0.52220873125 0.846399578125 0.45676124375000005 0.8667948484375 0.46394356875 0.9110050109375001 0.5328953203125 0.886241284375 0.52220873125 0.846399578125
3 0.44951985156249996 0.8187170234375 0.45664253749999995 0.86595020625 0.522268225 0.8450992265625 0.510394428125 0.7985337703125001 0.44951985156249996 0.8187170234375
3 0.5094443484375 0.7969446437500001 0.500361153125 0.7581695828125 0.44346566718749997 0.77736295 0.4498169015625 0.8173832875 0.5094443484375 0.7969446437500001
3 0.43853933906250003 0.7423103046875 0.443940778125 0.7772961765625 0.500598709375 0.7581361953125 0.4929996296875 0.7264738187499999 0.43853933906250003 0.7423103046875
3 0.4343846046875 0.71274783125 0.43925186250000003 0.743932815625 0.49294027656250006 0.7260514984374999 0.48635049218750004 0.6981232375 0.4343846046875 0.71274783125
3 0.4307048390625 0.68484125625 0.4343252515625 0.712325509375 0.4860535828125 0.6977343031250001 0.47875113125 0.6699062015624999 0.4307048390625 0.68484125625
3 0.4278563046875 0.6594018375 0.431001890625 0.683507521875 0.47839472499999997 0.6708176156250001 0.47239847343749997 0.6471125671875 0.4278563046875 0.6594018375
3 0.4248294265625 0.63614079375 0.42797515468749997 0.6585238078125 0.47216091875000005 0.647145953125 0.46723345156249996 0.6258746703125 0.4248294265625 0.63614079375
3 0.42291564062500003 0.6180492203125 0.42533787656250005 0.637323434375 0.4670356578125 0.626113746875 0.46296236874999996 0.607326309375 0.42291564062500003 0.6180492203125
3 0.41663168281249996 0.5702778859375 0.418527478125 0.58376716875 0.455272015625 0.5750367609375 0.4517956359375 0.559476996875 0.41663168281249996 0.5702778859375
3 0.420384853125 0.6010106796875 0.423035140625 0.6172682203125001 0.4629764609375 0.6068148578125 0.45981621562499997 0.5914653984375 0.420384853125 0.6010106796875
3 0.45892813749999994 0.5893265484375 0.45560734375 0.5757984984375 0.418369596875 0.5844732546875 0.4205512859375 0.5999967749999999 0.45892813749999994 0.5893265484375
0 0.4567406640625 0.8312344640625 0.464533578125 0.8639705921875 0.4740751671875 0.8611017406249999 0.46802804531250003 0.827683725 0.4567406640625 0.8312344640625
0 0.44994208750000003 0.7854808515625 0.4575244328125 0.8167187046875 0.46631355937499996 0.8137373406249999 0.46032652812499997 0.781620478125 0.44994208750000003 0.7854808515625
0 0.443504125 0.7466610953124999 0.450093575 0.7734548890624999 0.45831079687500004 0.7707721656250001 0.453587609375 0.7424064859375 0.443504125 0.7466610953124999
0 0.43881159687500004 0.7115248359375 0.44434791406249996 0.7343195687499999 0.4529262546875 0.7324591609375 0.4480220765625 0.7089207859375 0.43881159687500004 0.7115248359375
0 0.443720315625 0.6800593453125 0.4350215765625 0.6819366734375001 0.44010638750000003 0.7050131281249999 0.4472099546875 0.702268653125 0.443720315625 0.6800593453125
0 0.43141189999999996 0.6553789 0.4366770546875 0.6814857453125 0.443720315625 0.6800593453125 0.4394183375 0.653817134375 0.43141189999999996 0.6553789
0 0.4281329734375 0.6329217125000001 0.43246546406249997 0.654139496875 0.4396291953125 0.6518231 0.43538701875 0.6303743546875 0.4281329734375 0.6329217125000001
0 0.4249141359375 0.6117656796875 0.42942733125 0.6316484671875 0.4357482828125 0.629450515625 0.43277009531250005 0.610006796875 0.4249141359375 0.6117656796875
0 0.422688340625 0.5933075515625 0.426027934375 0.6100812765625 0.43249929375 0.6089535203125 0.42964128593749995 0.5921121125 0.422688340625 0.5933075515625
0 0.42076335781249996 0.576989815625 0.42362150937500004 0.5920850703125 0.4292500875 0.5910757578125 0.4270842375 0.5756649390625 0.42076335781249996 0.576989815625
0 0.4187479140625 0.5626491921875 0.422147815625 0.5781048421875 0.4275958359375 0.5766843734375 0.424797990625 0.56027104375 0.4187479140625 0.5626491921875
0 0.41710544218749995 0.547942459375 0.42042973593750005 0.5621024546875 0.4249001484375 0.5606835203125 0.42291149062500005 0.546533478125 0.41710544218749995 0.547942459375
2 0.44352747499999995 0.7675902890625 0.454505359375 0.8116833046874999 0.5114250234375 0.7902672703125 0.5084015640625 0.7640074453125 0.5030599328124999 0.752898275 0.4673796015625 0.7498085624999999 0.44352747499999995 0.7675902890625
2 0.4384877234375 0.7317305953125001 0.44399136875 0.761397484375 0.46451659218749997 0.7610824968750001 0.49891701250000003 0.7495272296875 0.49526620625 0.728297190625 0.47245220625 0.71786461875 0.4384877234375 0.7317305953125001
2 0.4364181859375 0.7067203578125001 0.4411320140625 0.7283939921875 0.46400173593750005 0.7241915390625 0.4925141203125 0.71662641875 0.492134040625 0.6980993453125001 0.4783968140625 0.688960759375 0.4364181859375 0.7067203578125001
2 0.42772788906250003 0.6464679515625 0.4352758546875 0.6764405250000001 0.48025219999999996 0.666561546875 0.4803898453125 0.6501360234375 0.4741759515625 0.6391494437499999 0.44501028125 0.6357371484375001 0.42772788906250003 0.6464679515625
2 0.4681547078125 0.6057996671875 0.4551807765625 0.595763146875 0.43732695625 0.5945167062500001 0.4239149359375 0.6082615296875 0.42688430312500003 0.629389675 0.4410856859375 0.6291727828125 0.467826303125 0.6216590046875 0.4681547078125 0.6057996671875
2 0.4600061828125 0.58658539375 0.43901797656249997 0.5820238328125 0.4192552671875 0.590928909375 0.421325390625 0.60882313125 0.430974896875 0.6062809921875 0.4625674421875 0.5984806500000001 0.4600061828125 0.58658539375
2 0.45052319531249996 0.5531291390625 0.4200970921875 0.5547035421875 0.421628184375 0.57300325 0.4286946515625 0.5802217109375001 0.458208478125 0.5706295328125 0.46017165625 0.5632376953125 0.45052319531249996 0.5531291390625