1 0.40686174375000006 0.8304556046875 0.40635283906249997 0.8539170515625001 0.4783670953125 0.8457335718750001 0.476742265625 0.8217332421875 0.40686174375000006 0.8304556046875
3 0.471152040625 0.781724 0.4030154078125 0.789256584375 0.4016300765625 0.8340249343749999 0.4740401296875 0.8228728000000001 0.471152040625 0.781724
3 0.404294640625 0.7390938375 0.402273946875 0.786818284375 0.47067246249999994 0.77887236875 0.46790192656249996 0.7308968218749999 0.404294640625 0.7390938375
3 0.46699157031249994 0.730093753125 0.4654738890625 0.6902979421875 0.4059614671875 0.698282503125 0.4045597734375 0.738779428125 0.46699157031249994 0.730093753125
3 0.40586005781249995 0.6650178375 0.4044866390625 0.700391565625 0.46375949843750003 0.6923944515625 0.4623415046875 0.659863828125 0.40586005781249995 0.6650178375
3 0.40628168750000004 0.6335062015624999 0.405109146875 0.6650469453125 0.46122307031250004 0.657738390625 0.4600833203125 0.6290658609374999 0.40628168750000004 0.6335062015624999
3 0.40808005625000005 0.6037749406249999 0.40638970781249995 0.6314450375 0.45995177812500004 0.62699214375 0.45809334531249996 0.59828195 0.40808005625000005 0.6037749406249999
3 0.4101664953125 0.577714296875 0.40865470468750004 0.6019772984375 0.45759815000000004 0.598563521875 0.45623520156249997 0.5741498609375 0.4101664953125 0.577714296875
3 0.41199739375 0.5532289546875 0.41081444375 0.5758009640624999 0.45635938906250006 0.57306319375 0.4555812078125 0.55124251875 0.41199739375 0.5532289546875
3 0.41295757499999997 0.5350724703124999 0.411657615625 0.5544547468750001 0.4547282 0.551407325 0.4543145609375 0.5321878453125 0.41295757499999997 0.5350724703124999
3 0.414506415625 0.4901860671875 0.41379350312499996 0.5037892484375 0.45152877968749994 0.5022304328125 0.45108521250000005 0.48629321875000003 0.414506415625 0.4901860671875
3 0.4126902828125 0.5199962390625 0.4121897921875 0.5364607796875001 0.4533918734375 0.5338206375000001 0.4532185046875 0.5181501890625 0.4126902828125 0.5199962390625
3 0.4524196734375 0.5164102046875 0.4517411671875 0.5024970640624999 0.4135323625 0.5039071453124999 0.41271193906250003 0.519561740625 0.4524196734375 0.5164102046875
0 0.4090485765625 0.7531682125 0.41045196562499997 0.7867898421875 0.420365653125 0.7857943234375 0.420806090625 0.75183644375 0.4090485765625 0.7531682125
0 0.4110479765625 0.708048178125 0.41253054999999994 0.740158884375 0.4217270671875 0.7389093375 0.42197821874999997 0.706240175 0.4110479765625 0.708048178125
0 0.41099470312499997 0.6670136765625 0.41187414218749996 0.7003415546875 0.4209087875 0.698082096875 0.4217047421875 0.66476125625 0.41099470312499997 0.6670136765625
0 0.41303556874999997 0.6327177765625 0.4128682921875 0.6637722046875 0.422401896875 0.6637252499999999 0.42257370156249996 0.6319190125 0.41303556874999997 0.6327177765625
0 0.4229095890625 0.6032639078125 0.41401246093750005 0.6034469453125 0.41460065312500005 0.6270696484375 0.42209737968749994 0.625731021875 0.4229095890625 0.6032639078125
0 0.41528708593749997 0.575582103125 0.4154740828125 0.6022139296875 0.4226601078125 0.60215765625 0.42344442187500003 0.5755767328125 0.41528708593749997 0.575582103125
0 0.41601825468750003 0.553440890625 0.4162226015625 0.5750955234374999 0.42369670312499996 0.574188590625 0.42362508125 0.5523244734375 0.41601825468750003 0.553440890625
0 0.416503003125 0.5336785765625 0.41713946249999995 0.5540572218750001 0.42376366875000004 0.5531057453125 0.4245502375 0.533450996875 0.416503003125 0.5336785765625
0 0.41719828281250004 0.5156478296875 0.417275940625 0.5327505984375 0.42384358750000006 0.53287835625 0.42425158281249997 0.5158010375 0.41719828281250004 0.5156478296875
0 0.4184508046875 0.4987175 0.41837613124999995 0.5140807734374999 0.42409388437500006 0.5141639875 0.42490835000000005 0.498623046875 0.4184508046875 0.4987175
0 0.418317434375 0.4836624921875 0.41870579374999994 0.499482909375 0.42432475625 0.49912807031249995 0.4247101265625 0.48248244375000005 0.418317434375 0.4836624921875
0 0.41914756718749996 0.469986678125 0.41970893125000003 0.4845208203125 0.42436795624999996 0.48398094843750006 0.42511578906249997 0.4697114296875 0.41914756718749996 0.469986678125
2 0.4039663203125 0.73338633125 0.40580437187499996 0.7742446265625 0.4693488046875 0.7657841984375 0.46868450624999997 0.7206080312500001 0.4039663203125 0.73338633125
2 0.40798298906249997 0.627817846875 0.40919778906250004 0.6588740828125 0.4580504046875 0.65233869375 0.464486090625 0.6307790484375 0.4584354234375 0.6196819234375 0.4373631140625 0.6131875578125 0.40798298906249997 0.627817846875
2 0.40782690468749994 0.6018702328125001 0.407627346875 0.6237567 0.45828166406250004 0.6190001140625 0.45930284375 0.5995148375 0.45232021875 0.5917376265625001 0.421429490625 0.591803090625 0.40782690468749994 0.6018702328125001
2 0.451887128125 0.5674598750000001 0.4258005640625 0.5590183453125 0.40999602187499995 0.57132821875 0.4095194578125 0.5948845453125 0.43455200312500003 0.5945120671875 0.46125479687500004 0.5911952406250001 0.4597183796875 0.569891546875 0.451887128125 0.5674598750000001
2 0.4572793296875 0.569426846875 0.45757512968749997 0.5529354359374999 0.457267609375 0.5515718171875 0.431901725 0.5438418078125 0.41029652031249997 0.5511314203125 0.411213196875 0.5734132625 0.4572793296875 0.569426846875
2 0.455659578125 0.5460975312499999 0.45604341093749995 0.52792635625 0.44273662500000005 0.5215020890625001 0.4251268671875 0.5212529515625001 0.41212641562499996 0.5306779015624999 0.413100609375 0.5482464953124999 0.455659578125 0.5460975312499999
2 0.4559153328125 0.51680274375 0.45904103906250004 0.504165275 0.4450534828125 0.49265219531250004 0.42783928125 0.49208691250000003 0.41773095 0.4969471703125 0.415479684375 0.51097796875 0.42833809843750004 0.5187262390625 0.4559153328125 0.51680274375
2 0.44737649375000005 0.4799726609375 0.43336193281249996 0.47620630625000004 0.425626925 0.47916969062500003 0.42359045 0.499949259375 0.45587441875 0.4986093078125 0.4583451703125 0.4876218953125 0.44737649375000005 0.4799726609375
2 0.417792509375 0.511633925 0.418471025 0.5275460468750001 0.4553664015625 0.531272165625 0.457575540625 0.5193524843749999 0.457712496875 0.5194876984375 0.451878746875 0.511243684375 0.43029023593750004 0.506783321875 0.417792509375 0.511633925
2 0.4781694640625 0.6913965046875 0.4903444375 0.761802571875 0.50650455 0.7641339140625 0.5188606250000001 0.7514216375 0.5061710140625 0.6988017078125 0.49654841093749996 0.675288809375 0.4781694640625 0.6913965046875