1 0.47162685781249997 0.842155821875 0.475603959375 0.8652833187500001 0.544733628125 0.843509225 0.538559171875 0.8202598812499999 0.47162685781249997 0.842155821875
3 0.5254375312499999 0.7820523859375 0.45999004687499995 0.8024476593750001 0.46717237031250003 0.8466578218749999 0.5361241203125 0.8218940937499999 0.5254375312499999 0.7820523859375
3 0.451674271875 0.752962453125 0.45879695781249996 0.8001956359375001 0.5244226484375 0.7793446562499999 0.5125488484375 0.7327791968749999 0.451674271875 0.752962453125
3 0.5115019859375 0.7321645875 0.502418790625 0.6933895265625 0.44552330625 0.71258289375 0.4518745421875 0.75260323125 0.5115019859375 0.7321645875
3 0.4390765609375 0.67994874375 0.44447800156249995 0.7149346171875 0.50113593125 0.6957746375 0.493536853125 0.664112259375 0.4390765609375 0.67994874375
3 0.433477740625 0.6489356140625 0.4383450015625 0.6801205968749999 0.492033415625 0.6622392796875001 0.48544362812499997 0.63431101875 0.433477740625 0.6489356140625
3 0.4295700765625 0.6194074546875 0.4331904890625 0.6468917078125 0.4849188203125 0.6323005015625001 0.47761636875 0.6044724 0.4295700765625 0.6194074546875
3 0.4266455765625 0.5934275062500001 0.4297911609375 0.6175331921875 0.47718399843750003 0.6048432874999999 0.4711877453125 0.5811382359375 0.4266455765625 0.5934275062500001
3 0.42377081250000004 0.5690426765625001 0.426916540625 0.5914256921875001 0.4711023046875 0.5800478375 0.4661748390625 0.5587765546875 0.42377081250000004 0.5690426765625001
3 0.4212489328125 0.5510365671875 0.42367116875 0.57031078125 0.4653689515625 0.55910109375 0.46129566093749996 0.54031365625 0.4212489328125 0.5510365671875
3 0.4142045859375 0.506679321875 0.41610038125 0.5201686046875 0.45284491875 0.5114381984375 0.4493685375 0.4958784328125 0.4142045859375 0.506679321875
3 0.4181098703125 0.53628833125 0.4207601578125 0.5525458703125 0.460701478125 0.5420925078125001 0.45754123281250003 0.5267430484375 0.4181098703125 0.53628833125
3 0.45642507343750005 0.5251874562500001 0.4531042796875 0.5116594046875 0.415866534375 0.5203341640625 0.4180482234375 0.5358576828125 0.45642507343750005 0.5251874562500001
0 0.45902638281249997 0.76587115 0.46681929687499996 0.7986072765625 0.4763608875 0.7957384265624999 0.470313765625 0.762320409375 0.45902638281249997 0.76587115
0 0.4523797390625 0.7211985921874999 0.45996208593750004 0.752436446875 0.46875121249999996 0.7494550796875 0.46276417968750005 0.7173382203124999 0.4523797390625 0.7211985921874999
0 0.4444976921875 0.6809281765625 0.45172023437500003 0.7134759234375 0.4601577625 0.7095340859375 0.4545811765625 0.6766735671874999 0.4444976921875 0.6809281765625
0 0.439957096875 0.6468729718749999 0.44571835625 0.6773887609375 0.4550678421875 0.675523571875 0.449167575 0.6442689234375 0.439957096875 0.6468729718749999
0 0.444029640625 0.616076203125 0.43533090156250004 0.6179535296875 0.4404157125 0.6410299859374999 0.44751927968749994 0.638285509375 0.444029640625 0.616076203125
0 0.4312652453125 0.5903574328125 0.4365303984375 0.6164642765624999 0.443573659375 0.615037878125 0.43927168281249995 0.58879566875 0.4312652453125 0.5903574328125
0 0.42775823749999997 0.5684835046875001 0.4320907296875 0.5897012890625 0.439254459375 0.5873848921875 0.43501228281250004 0.565936146875 0.42775823749999997 0.5684835046875001
0 0.424463253125 0.5489917859375 0.42897644843749994 0.5688745734375 0.4352973984375 0.566676621875 0.43231921250000005 0.5472329015625 0.424463253125 0.5489917859375
0 0.4217053296875 0.5311596484375001 0.4250449234375 0.547933371875 0.43151628124999997 0.5468056156250001 0.428658275 0.5299642078125 0.4217053296875 0.5311596484375001
0 0.41970437968749996 0.5143013828125 0.4225625296875 0.5293966375 0.428191109375 0.528387325 0.4260252609375 0.51297650625 0.41970437968749996 0.5143013828125
0 0.4167008296875 0.4995484265625 0.42010073124999997 0.515004075 0.4255487515625 0.5135836078125 0.42275090625 0.4971702765625 0.4167008296875 0.4995484265625
0 0.41490624218749994 0.4859654796875 0.41823053750000005 0.500125475 0.42270095 0.4987065390625 0.42071229218750006 0.4845564984375 0.41490624218749994 0.4859654796875
2 0.45026294062499994 0.7474224578124999 0.459863353125 0.787179353125 0.52062596875 0.7667495171875001 0.51135385625 0.7225301187500001 0.45026294062499994 0.7474224578124999
2 0.4340623953125 0.643027146875 0.4411806859375 0.673280996875 0.48788872968749997 0.6575441625 0.4900924 0.6351526421875 0.4820354703125 0.6254139234375 0.46011113437500006 0.623059665625 0.4340623953125 0.643027146875
2 0.428958140625 0.6175860453124999 0.432938384375 0.6391084734375 0.4817544390625 0.6247739796875 0.47903889062499994 0.605451853125 0.47070059531249997 0.5991498796875 0.4403899078125 0.6051083687500001 0.428958140625 0.6175860453124999
2 0.4656430484375 0.575400815625 0.43842504687500006 0.57209193125 0.4252597140625 0.5871912859374999 0.42928666406250005 0.61040575 0.4537882203125 0.6052636812500001 0.47936752812499994 0.5969126609375001 0.47379440156249997 0.5762935390624999 0.4656430484375 0.575400815625
2 0.47131149531250005 0.57630276875 0.46845515156250006 0.560057909375 0.46789309062499995 0.558778021875 0.44151829375 0.5560300734375 0.42170096093750004 0.5673082234375 0.426852371875 0.5890057734374999 0.47131149531250005 0.57630276875
2 0.465270059375 0.553711140625 0.4621796171875 0.5358005828125 0.44789150624999996 0.5320334015625 0.4305577515625 0.5351489421875 0.41959452031250005 0.5468813328125 0.42390306093749996 0.5639412562499999 0.465270059375 0.553711140625
2 0.4599314078125 0.52490578125 0.4605883421875 0.5119040859374999 0.44466097812500005 0.503271484375 0.4276551890625 0.5060012125 0.41865995624999996 0.5127009328125001 0.41912725625 0.5269035093750001 0.43322786406249997 0.532055921875 0.4599314078125 0.52490578125
2 0.4445219390625 0.49038165781250004 0.4300462109375 0.48935860625 0.42301875781250003 0.493743453125 0.4249846265625 0.5145298203124999 0.4564197734375 0.5070544171875 0.45674863437499996 0.4957974328125 0.4445219390625 0.49038165781250004
2 0.42152275 0.52710610625 0.425224975 0.542596409375 0.4621534578125 0.5392140999999999 0.462047625 0.52709189375 0.46220786562500005 0.527198490625 0.45490826562500003 0.5202190734375 0.43286532031249997 0.51995994375 0.42152275 0.52710610625
2 0.4487213671875 0.7170911546875 0.460692478125 0.7393600796875 0.5151916578125 0.7197250421875 0.5136453296875 0.696739490625 0.5036346484374999 0.682428325 0.474630690625 0.6887500046875 0.4487213671875 0.7170911546875