1 0.405196046875 0.8965546515625 0.4055062453125 0.9200195671875001 0.47719103125 0.9093278109374999 0.4747295921875 0.8853988078125001 0.405196046875 0.8965546515625
3 0.46774647187499996 0.845609034375 0.399914228125 0.8555149640625 0.400092134375 0.9003043890625 0.472068875 0.886631975 0.46774647187499996 0.845609034375
3 0.40028301875 0.8068962531249999 0.3999291140625 0.85466215 0.46800865312499995 0.8443339999999999 0.463565484375 0.7964843703125 0.40028301875 0.8068962531249999
3 0.462875696875 0.794766184375 0.4599700859375 0.7550475828125001 0.40077257343749995 0.7651042328125001 0.4007850546875 0.8056254078125 0.462875696875 0.794766184375
3 0.4013903390625 0.7297124968750001 0.40125228125 0.76511260625 0.46020993906249996 0.7550517703125 0.45765750625 0.7225904515625 0.4013903390625 0.7297124968750001
3 0.40191134531249995 0.69986404375 0.4018402734375 0.7314264953125 0.45766494843750005 0.7221640453125 0.4555252375 0.6935487593749999 0.40191134531249995 0.69986404375
3 0.40264243437499997 0.6717254031250001 0.4019187890625 0.6994376359375 0.4552928265625 0.693118165625 0.452433553125 0.66449031875 0.40264243437499997 0.6717254031250001
3 0.4038085734375 0.646153575 0.40314447031249995 0.6704545562499999 0.45193895937499995 0.6653347578125001 0.44972481875000003 0.6409835375 0.4038085734375 0.646153575
3 0.40445778906249996 0.6227054062499999 0.40406331250000005 0.6453049484375 0.44948496562500007 0.6409793500000001 0.44794572656250004 0.619199128125 0.40445778906249996 0.6227054062499999
3 0.405397709375 0.6045371890625 0.4047749734375 0.6239530265625 0.4477129671875 0.61940431875 0.44662882968749995 0.6002109828125 0.405397709375 0.6045371890625
3 0.4066642015625 0.5563709703125 0.4064264671875 0.5699907453125 0.44408435468749996 0.5671159359375 0.44308485937500003 0.5512039125 0.4066642015625 0.5563709703125
3 0.40556349531249997 0.5873125171875 0.40563791406250005 0.603784496875 0.4467227578125 0.5997080328125 0.446002603125 0.584053178125 0.40556349531249997 0.5873125171875
3 0.44546005 0.581801734375 0.44429639375 0.5679207515625 0.406160075 0.570663440625 0.4058864890625 0.58633713125 0.44546005 0.581801734375
0 0.40545677187500007 0.8203891671875001 0.4080326828125 0.8539413390625 0.41790558750000006 0.8526004421875 0.4171606453125 0.8186478796875001 0.40545677187500007 0.8203891671875001
0 0.4058993390625 0.774135325 0.40850165625 0.8061747296874999 0.41764896250000005 0.8046049921874999 0.4167598265625 0.771946965625 0.4058993390625 0.774135325
0 0.40561338750000003 0.7347863859375 0.4079302359375 0.7622811203125 0.4164659609375 0.7609168828125 0.41623829375000004 0.7321615625 0.40561338750000003 0.7347863859375
0 0.406475153125 0.6993486390625 0.408377428125 0.722728803125 0.41714118593749994 0.722233246875 0.4159796 0.6982174859375 0.406475153125 0.6993486390625
0 0.4162457234375 0.6690384328125 0.40736040312500005 0.669531865625 0.40877265781250005 0.6931196515625 0.41621810000000004 0.6915202078125 0.4162457234375 0.6690384328125
0 0.40794971875 0.6427363859375 0.40906603906249994 0.6693454625 0.4162457234375 0.6690384328125 0.416101896875 0.6424463312500001 0.40794971875 0.6427363859375
0 0.4082242390625 0.6200427453125 0.40918419687499996 0.6416770546875 0.41662209531250005 0.6405098312499999 0.41578747031249996 0.6186615328125 0.4082242390625 0.6200427453125
0 0.40835456406250004 0.5986436421875 0.40970184062500004 0.6189876578125 0.41628880625000003 0.6178055828125 0.41638895312499996 0.59813535625 0.40835456406250004 0.5986436421875
0 0.409043659375 0.5800645734375001 0.4097181484375 0.5971542125 0.416286253125 0.597052684375 0.416098009375 0.5799715328125 0.409043659375 0.5800645734375001
0 0.40969503124999995 0.5636466015625 0.4101565765625 0.579003121875 0.4158737484375 0.5788867390625 0.41614534843750006 0.563326840625 0.40969503124999995 0.5636466015625
0 0.4099477703125 0.5491672515625 0.410888015625 0.5649644781250001 0.416491171875 0.56441375625 0.416295384375 0.547764821875 0.4099477703125 0.5491672515625
0 0.410626159375 0.5343846421875 0.41169441406249996 0.5488903390625001 0.4163317578125 0.5481882 0.4165811375 0.5339012734375 0.410626159375 0.5343846421875
2 0.40236240156249997 0.755461559375 0.40630746249999994 0.8007290359375 0.46587655625 0.7884808671875 0.46699826250000004 0.76207136875 0.46346025468749996 0.75026335625 0.42870254374999994 0.74163005 0.40236240156249997 0.755461559375
2 0.40299438906249996 0.7192549671874999 0.4037893515625 0.7494175671875001 0.42411115 0.752317309375 0.4598956875 0.74628571875 0.45961093750000004 0.7247459453125 0.4387098296875 0.7108729203124999 0.40299438906249996 0.7192549671874999
2 0.4048627953125 0.6942288999999999 0.406128084375 0.7163731015625 0.42937365156249996 0.7158 0.45871844531250006 0.7127883390624999 0.46124131718749994 0.69442990625 0.44910280937499997 0.68325485625 0.4048627953125 0.6942288999999999
2 0.40570504375 0.6333588390625 0.4084713375 0.6641431625 0.4544393609375 0.6614216609375 0.45714482968750003 0.645219896875 0.45272611874999996 0.6333965109374999 0.424453328125 0.6254637125 0.40570504375 0.6333588390625
2 0.4469536328125 0.5792629734375 0.42693741249999995 0.5714742921875 0.40602495312500003 0.5771781640625 0.40527031718749995 0.5951759171875 0.41608988281250003 0.6008307515625 0.44762253281250003 0.5914124468749999 0.4469536328125 0.5792629734375
2 0.4428211078125 0.5447351546875 0.41252331093750005 0.5415304828124999 0.411172846875 0.55984440625 0.4170230984375 0.568079434375 0.44767410781250006 0.56322233125 0.4507694546875 0.5562286078125 0.4428211078125 0.5447351546875
2 0.4451455578125 0.6151012203125 0.45151636249999993 0.59687981875 0.4299935125 0.58414955625 0.4039707859375 0.598042584375 0.40944291093749996 0.6184633765625 0.4451455578125 0.6151012203125
2 0.44778146406249997 0.5796776296874999 0.44871805 0.5645496515625 0.4262848609375 0.55260056875 0.409309890625 0.56186910625 0.4087867453125 0.5789969734375 0.42986676562500004 0.5785678562500001 0.44778146406249997 0.5796776296874999
2 0.428995015625 0.5514522703125 0.4334825515625 0.5383789515624999 0.419306571875 0.528566671875 0.3969877890625 0.535749259375 0.3978092921875 0.5529005953125 0.428995015625 0.5514522703125