1 0.3728299484375 0.8189097359374999 0.36987144375000003 0.8421894640625001 0.442346603125 0.841578353125 0.44323939218749997 0.817539659375 0.3728299484375 0.8189097359374999
3 0.4418618953125 0.777165253125 0.373311153125 0.77753435625 0.36725384375000003 0.821912653125 0.44043294375 0.8183905234375001 0.4418618953125 0.777165253125
3 0.37982681406249996 0.727780121875 0.372828625 0.775031909375 0.44168302031250006 0.7742791140625 0.4439424734375 0.7262767828125 0.37982681406249996 0.727780121875
3 0.4431210484375 0.7253829546875 0.44577147500000003 0.6856465093749999 0.3857504546875 0.6873665875 0.3801233578125 0.72749515 0.4431210484375 0.7253829546875
3 0.3891267046875 0.65427355 0.3840632484375 0.689309934375 0.44384733125000003 0.6875523296875 0.44583748125 0.65505169375 0.3891267046875 0.65427355
3 0.3928398875 0.6229786093749999 0.388376865625 0.65422400625 0.4449473421875 0.652820990625 0.44681093125000004 0.6241863953125 0.3928398875 0.6229786093749999
3 0.39773616875 0.5935982 0.3931627671875 0.6209400281249999 0.4468968734375 0.6221102890625 0.448049653125 0.5933631125 0.39773616875 0.5935982
3 0.40253525625000003 0.5678984109375 0.39849557343750003 0.5918704734375 0.4475277390625 0.59359138125 0.4487241796875 0.56916899375 0.40253525625000003 0.5678984109375
3 0.406915540625 0.5437385828125 0.40337965468750003 0.5660632890625 0.44896127343750003 0.568101259375 0.45046823593749996 0.5463187781250001 0.406915540625 0.5437385828125
3 0.40976833125 0.525781928125 0.40644949375 0.54492214375 0.44960267500000006 0.54639351875 0.45120028437500004 0.5272360875000001 0.40976833125 0.525781928125
3 0.41600059375000004 0.48130331562500006 0.41386966562499994 0.49475745781249997 0.451561165625 0.49715159218749994 0.452785921875 0.48125531875 0.41600059375000004 0.48130331562500006
3 0.4110783984375 0.5107603468749999 0.40885963593749997 0.5270823765625 0.4501119796875 0.5287634890625 0.4515775671875 0.5131607625 0.4110783984375 0.5107603468749999
3 0.450964990625 0.511346809375 0.4517445203125 0.49743896249999997 0.41359763281250006 0.4948474125 0.41114535312499995 0.5103304921875 0.450964990625 0.511346809375
0 0.383083534375 0.74227431875 0.38096481875 0.775858459375 0.39092825625 0.77590465625 0.394915846875 0.7421788406250001 0.383083534375 0.74227431875
0 0.389788309375 0.69761045 0.387906278125 0.7297002203125 0.397183028125 0.7294188171875 0.40084766250000003 0.6969548734375001 0.389788309375 0.69761045
0 0.3940246 0.6567951703125 0.39141551093750004 0.690032403125 0.400636840625 0.6887297 0.4049114109375 0.6556745937499999 0.3940246 0.6567951703125
0 0.399639184375 0.6229004765624999 0.3962267515625 0.6537672999999999 0.4057130375 0.654717134375 0.409208559375 0.62310309375 0.399639184375 0.6229004765624999
0 0.41253788125 0.5946400749999999 0.40367035937500007 0.5938921078125 0.401786084375 0.6174468859375 0.4093816671875 0.6168992125 0.41253788125 0.5946400749999999
0 0.407850671875 0.5663131453125 0.405252859375 0.5928186265625001 0.4124054015625 0.5935138046875 0.41596388125 0.567160478125 0.407850671875 0.5663131453125
0 0.4108922203125 0.544369653125 0.40883192187499995 0.5659270203125 0.41635988125 0.5658063109375 0.41857407343749997 0.54405448125 0.4108922203125 0.544369653125
0 0.4134400375 0.5247662703125 0.4119428625 0.54509980625 0.41863023750000006 0.544845959375 0.4214669765625 0.5253811015625 0.4134400375 0.5247662703125
0 0.41601623437499996 0.5069069734375 0.41430574218749994 0.52392416875 0.42082405625 0.52473773125 0.42301488281250005 0.5077966125 0.41601623437499996 0.5069069734375
0 0.419031596875 0.49020031406250003 0.417351434375 0.5054716203125 0.42302916562500004 0.5061520453125 0.42546364062500003 0.49078137499999996 0.419031596875 0.49020031406250003
0 0.4204726359375 0.4752138375 0.41920518281249997 0.490988184375 0.42483045468749997 0.49122262968749997 0.42695365625 0.474708471875 0.4204726359375 0.4752138375
0 0.42272773125 0.4616997140625 0.4217667890625 0.47621291406250005 0.426456721875 0.4761630015625 0.42869203125000005 0.4620498234375 0.42272773125 0.4616997140625
2 0.3800968890625 0.7220695640625 0.377654015625 0.7628961609375 0.44173470156250005 0.76112428125 0.4457962359375 0.71612615625 0.3800968890625 0.7220695640625
2 0.39512646406249996 0.61749925 0.39308835000000003 0.6485123390624999 0.44235647968749997 0.6471192390625 0.45101050625 0.6263504125 0.4461529515625 0.6146816125 0.4258749234375 0.6060201671875001 0.39512646406249996 0.61749925
2 0.3976834984375 0.591677465625 0.3951972765625 0.613423175 0.4460713015625 0.6139874640625 0.44912365468750004 0.5947156734375 0.44299222031249996 0.586251184375 0.412263871875 0.5830873296875 0.3976834984375 0.591677465625
2 0.44509921874999997 0.5620611578125 0.4200379390625 0.5509390828125 0.40303324375000005 0.561529496875 0.4000969828125 0.584906965625 0.42503133281250005 0.5871531421875 0.4519345484375 0.5866456875 0.45263339062499997 0.5652980984375 0.44509921874999997 0.5620611578125
2 0.4502562765625 0.5645809921875 0.452274278125 0.54821084375 0.45211097968749997 0.54682255 0.42769205781249997 0.5364834296875001 0.40544323593750003 0.54147475 0.40402580468749993 0.5637303484375 0.4502562765625 0.5645809921875
2 0.45108397499999997 0.5412101687499999 0.4533651109375 0.5231786578125 0.44080273906249995 0.5153986453125 0.42331549218750003 0.5133101531250001 0.40940108124999997 0.521324553125 0.4085335203125 0.5388987359375 0.45108397499999997 0.5412101687499999
2 0.454914890625 0.5121840703125 0.459344446875 0.49994255625 0.44663696093749994 0.4870304484375 0.4295761484375 0.4846688890625 0.41901515624999996 0.4884459125 0.41530960781250004 0.502164528125 0.42728766562500003 0.5112144234375 0.454914890625 0.5121840703125
2 0.4497581984375 0.47458171875 0.4362141015625 0.469371075 0.428211709375 0.471509696875 0.4240143328125 0.4919625640625 0.456261509375 0.494004546875 0.459867225 0.48333558906249996 0.4497581984375 0.47458171875