1 0.41845121562500004 0.8335047781249999 0.41876141406249995 0.85696969375 0.49044619999999994 0.8462779375 0.4879847609375 0.822348934375 0.41845121562500004 0.8335047781249999
3 0.4810016390625 0.7825591609375 0.41316939843749995 0.792465090625 0.413347303125 0.837254515625 0.4853240421875 0.8235821015625 0.4810016390625 0.7825591609375
3 0.41269719687500006 0.74228825625 0.4123432921875 0.790054153125 0.48042283281250003 0.779726003125 0.4759796625 0.731876371875 0.41269719687500006 0.74228825625
3 0.47504183437499997 0.7311055640624999 0.472136225 0.6913869625 0.4129387125 0.7014436125 0.4129511953125 0.7419647859375 0.47504183437499997 0.7311055640624999
3 0.41167644374999995 0.6682027500000001 0.4115383875 0.7036028609375 0.47049604531250006 0.693542025 0.46794361249999994 0.66108070625 0.41167644374999995 0.6682027500000001
3 0.410998078125 0.6366955953125 0.4109270078125 0.668258046875 0.46675168125 0.658995596875 0.46461196875 0.630380309375 0.410998078125 0.6366955953125
3 0.4117577453125 0.606919684375 0.4110340984375 0.6346319171875 0.4644081375 0.628312446875 0.4615488640625 0.5996846 0.4117577453125 0.606919684375
3 0.412933409375 0.5808020984375 0.41226930624999997 0.60510308125 0.461063796875 0.5999832828125 0.45884965624999996 0.5756320609375 0.412933409375 0.5808020984375
3 0.413908665625 0.556267775 0.41351418906250004 0.57886731875 0.45893584374999996 0.5745417203125001 0.45739660468750004 0.552761496875 0.413908665625 0.556267775
3 0.41423461093749997 0.5380888421875001 0.41361187343749994 0.5575046796875001 0.45654986875 0.552955971875 0.45546573125 0.5337626359375001 0.41423461093749997 0.5380888421875001
3 0.41421599374999996 0.49317572812500005 0.413978259375 0.506795503125 0.45163614687500003 0.5039206953125 0.45063665 0.48800867031250006 0.41421599374999996 0.49317572812500005
3 0.41344132812499995 0.523031121875 0.4135157453125 0.5395031 0.45460058906249995 0.5354266359375 0.4538804359375 0.5197717828124999 0.41344132812499995 0.523031121875
3 0.45302136718749997 0.5180607375 0.45185771093750005 0.5041797515625001 0.41372139218750004 0.5069224421875 0.4134478078125 0.5225961328125 0.45302136718749997 0.5180607375
0 0.417939425 0.7561881484375 0.42051533750000003 0.7897403187500001 0.43038824218749994 0.7883994234375 0.42964330000000006 0.754446859375 0.417939425 0.7561881484375
0 0.41836294062499996 0.7110258203125001 0.42096525781249994 0.7430652249999999 0.4301125640625 0.7414954859375 0.4292234265625 0.7088374609375 0.41836294062499996 0.7110258203125001
0 0.416877615625 0.6700181765625 0.4189196453125 0.7032950609374999 0.42786993281249996 0.700721675 0.42750252343749995 0.667393353125 0.416877615625 0.6700181765625
0 0.41772032968749995 0.63567194375 0.4186369375 0.666713290625 0.4281630953125 0.666333646875 0.4272247734375 0.634540790625 0.41772032968749995 0.63567194375
0 0.42656040937500006 0.60589141875 0.41767508906249995 0.60638485 0.4190873421875 0.6299726359375 0.426532784375 0.6283731921875 0.42656040937500006 0.60589141875
0 0.41797646874999994 0.5784924984375001 0.4190927875 0.6051015750000001 0.4262724734375 0.604794546875 0.42612864687499996 0.5782024453125 0.41797646874999994 0.5784924984375001
0 0.4179344734375 0.55633925625 0.41889443125000003 0.5779735671874999 0.4263323296875 0.5768063437500001 0.42549770468750003 0.5549580453125 0.4179344734375 0.55633925625
0 0.41772923281249996 0.5365720640625 0.41907650937499996 0.5569160828124999 0.4256634734375 0.5557340046875 0.425763621875 0.5360637781250001 0.41772923281249996 0.5365720640625
0 0.4177948234375 0.5185280359375 0.4184693140625 0.5356176765625 0.42503741875 0.535516146875 0.424849175 0.51843499375 0.4177948234375 0.5185280359375
0 0.41845572343750004 0.5015643062499999 0.4189172671875 0.5169208281250001 0.42463444062500005 0.51680444375 0.4249060390625 0.5012445453125001 0.41845572343750004 0.5015643062499999
0 0.41779702343749997 0.486523125 0.41873727031249997 0.5023203515625 0.424340425 0.5017696296875 0.4241446375 0.48512069375 0.41779702343749997 0.486523125
0 0.4181493703125 0.4728266703125 0.4192176265625 0.4873323671875 0.423854971875 0.486630228125 0.4241043515625 0.472343303125 0.4181493703125 0.4728266703125
2 0.4121698875 0.7365956859375 0.415432753125 0.77736494375 0.4786432109375 0.766692 0.4764026921875 0.7215665375 0.4121698875 0.7365956859375
2 0.412499821875 0.63095133125 0.4147977296875 0.661946253125 0.463392503125 0.6537099125 0.4690718484375 0.6319388 0.4626375828125 0.6210595984375 0.44135145937500003 0.615304603125 0.412499821875 0.63095133125
2 0.4114382734375 0.605024971875 0.4120026640625 0.62690506875 0.46246012187499996 0.6203835703125 0.46280065312499996 0.6008745249999999 0.45555086093749997 0.5933457421874999 0.4246812359375 0.5944892375 0.4114382734375 0.605024971875
2 0.454270753125 0.5690978953125 0.42790547500000004 0.561571915625 0.41254016875 0.5744258609374999 0.41288599843749996 0.5979844703125 0.4378902953125 0.5967385953125001 0.4644610671875 0.592491875 0.46218209843749997 0.5712547796874999 0.454270753125 0.5690978953125
2 0.45972831562499994 0.5708754828125 0.45944839374999996 0.5543837953125 0.4590934703125 0.5530317390625 0.433473265625 0.546191696875 0.412135625 0.5542308796875 0.4138293703125 0.5764671546875 0.45972831562499994 0.5708754828125
2 0.45729536875 0.5476169078125 0.4570448046875 0.52944340625 0.44352192031250004 0.523487453125 0.42591419531249997 0.5238530406249999 0.41325058906249995 0.53372595625 0.414837325 0.55124985 0.45729536875 0.5476169078125
2 0.45652859531249995 0.518331040625 0.45921135625 0.5055921859375 0.4448305203125 0.49457427656249997 0.42760707656249997 0.49461010625 0.4176745234375 0.49982017812499996 0.41591429843750005 0.513920996875 0.4290352890625 0.521215796875 0.45652859531249995 0.518331040625
2 0.44670960624999995 0.4818213953125 0.43257213906249997 0.4785464359375 0.4249452640625 0.4817779625 0.42363522500000006 0.5026159453125 0.45585276406249997 0.500150115625 0.45793855624999996 0.48908316875 0.44670960624999995 0.4818213953125
2 0.41824860468749997 0.5144958390625 0.4194820328125 0.5303745859375 0.45648497499999996 0.5328108046875 0.45827677656250004 0.5208212875 0.45841836875 0.520951640625 0.45230045937499996 0.5129162421875 0.43056943593749997 0.509212025 0.41824860468749997 0.5144958390625
2 0.415392153125 0.7063966578125 0.423732253125 0.7302641078125001 0.4806320546875 0.7193963625 0.4827004953125 0.6964519015625 0.47505182343749996 0.6807509140625 0.44541602343750003 0.68245754375 0.415392153125 0.7063966578125