1 0.39141424062499997 0.8930044703125001 0.3909053359375 0.9164659171875 0.46291959218749995 0.9082824374999999 0.4612947625 0.8842821093750001 0.39141424062499997 0.8930044703125001
3 0.4557045390625 0.8442728671875 0.3875679046875 0.85180545 0.3861825734375 0.8965738 0.458592628125 0.8854216671874999 0.4557045390625 0.8442728671875
3 0.3896332390625 0.803229228125 0.3876125453125 0.8509536765625001 0.4560110578125 0.8430077593749999 0.453240525 0.7950322140625 0.3896332390625 0.803229228125
3 0.45261112031249995 0.7932910015625 0.4510934390625 0.753495190625 0.3915810171875 0.7614797515625 0.3901793203125 0.8019766765625 0.45261112031249995 0.7932910015625
3 0.393433559375 0.726131134375 0.3920601390625 0.7615048609375 0.451333 0.7535077453125 0.4499150046875 0.7209771234375 0.393433559375 0.726131134375
3 0.39499594375 0.696319046875 0.3938234015625 0.7278597921875 0.44993732499999994 0.7205512374999999 0.4487975765625 0.6918787078124999 0.39499594375 0.696319046875
3 0.3967086125 0.6682230625 0.3950182640625 0.695893159375 0.448580334375 0.691440265625 0.4467219 0.662730071875 0.3967086125 0.6682230625
3 0.398766484375 0.6427075109375 0.39725469375 0.6669705109375 0.4461981375 0.663556734375 0.444835190625 0.639143075 0.398766484375 0.6427075109375
3 0.400233634375 0.6192962828125 0.399050684375 0.641868290625 0.4445956296875 0.6391305203125001 0.44381744687499997 0.617309846875 0.400233634375 0.6192962828125
3 0.40180704375 0.601171934375 0.40050708281249997 0.6205542109375 0.44357766875 0.6175067890625 0.4431640296875 0.5982873093750001 0.40180704375 0.601171934375
3 0.404753740625 0.5530792578125 0.40404082812500003 0.5666824390625 0.44177610468750006 0.5651236234375 0.44133253906250003 0.5491864109375 0.404753740625 0.5530792578125
3 0.40257386093749997 0.58396354375 0.4020733703125 0.6004280859375 0.44327545312499994 0.59778794375 0.443102084375 0.58211749375 0.40257386093749997 0.58396354375
3 0.44263843437499995 0.5798484875 0.4419599265625 0.5659353484375 0.4037511203125 0.567345428125 0.4029306984375 0.5830000234375 0.44263843437499995 0.5798484875
0 0.39433294375 0.8168944828125 0.3957363328125 0.8505161140625 0.40565001875 0.84952059375 0.4060904578125 0.815562715625 0.39433294375 0.8168944828125
0 0.396389478125 0.7706842640625 0.3978720515625 0.8027949703124999 0.4070685671875 0.8015454249999999 0.407319721875 0.7688762625 0.396389478125 0.7706842640625
0 0.39747695781250003 0.7313493140625 0.39883284375 0.7589081578125 0.40741097968749995 0.75784264375 0.40818699843750006 0.7290968953125 0.39747695781250003 0.7313493140625
0 0.399574959375 0.69596323125 0.40066011875 0.719395540625 0.40943583281249996 0.7192061375 0.4091130921875 0.6951644671875 0.399574959375 0.69596323125
0 0.4103973890625 0.6660124781250001 0.401500259375 0.6661955171875 0.4020884515625 0.6898182203125 0.40958517812500006 0.6884795921875 0.4103973890625 0.6660124781250001
0 0.4030243640625 0.6394369265625001 0.4032113625 0.666068753125 0.4103973890625 0.6660124781250001 0.41118170000000004 0.6394315546875 0.4030243640625 0.6394369265625001
0 0.4040907140625 0.616766690625 0.40429506249999997 0.6384213234375 0.41176916406249997 0.637514390625 0.4116975421875 0.6156502734375 0.4040907140625 0.616766690625
0 0.40496777812499996 0.5953851718750001 0.40560423749999996 0.6157638140625 0.4122284453125 0.6148123390625 0.4130150125 0.5951575906250001 0.40496777812499996 0.5953851718750001
0 0.406304853125 0.57684146875 0.4063825125 0.5939442374999999 0.41295015937499996 0.5940719953125 0.4133581546875 0.5769946781249999 0.406304853125 0.57684146875
0 0.407528809375 0.56045623125 0.4074541375 0.5758195046875 0.41317188906249996 0.57590271875 0.41398635468749995 0.560361778125 0.407528809375 0.56045623125
0 0.4082867140625 0.545994521875 0.40867507343750004 0.5618149390625 0.4142940359375 0.5614601 0.41467940625 0.544814475 0.4082867140625 0.545994521875
0 0.40948059687500005 0.53124459375 0.410041959375 0.5457787359374999 0.4147009828125 0.545238865625 0.41544881718750004 0.5309693453125 0.40948059687500005 0.53124459375
2 0.39350640000000003 0.7518984359374999 0.3958692453125 0.7972760171875 0.45582950625 0.787114240625 0.4578722078125 0.7607599781250001 0.45474844843750006 0.748835684375 0.420313209375 0.7389946109375 0.39350640000000003 0.7518984359374999
2 0.39540159531249996 0.71573595625 0.3951434140625 0.7459079265625 0.4153516328125 0.749515121875 0.4513248703125 0.7447360671875 0.45179202187499995 0.723199478125 0.43138780781249997 0.708605465625 0.39540159531249996 0.71573595625
2 0.39814225937500003 0.690790340625 0.39863395625 0.712965209375 0.42188536406250005 0.7132037171875 0.45131738749999994 0.7112180078125 0.454479421875 0.69295880625 0.44273831250000006 0.6813669359375 0.39814225937500003 0.690790340625
2 0.401108328125 0.6299867531250001 0.4027985796875 0.660848865625 0.44883358125 0.659733284375 0.45210283437500004 0.643635809375 0.44809944531249996 0.631665415625 0.420120728125 0.6227507421875 0.401108328125 0.6299867531250001
2 0.444219709375 0.5773633968749999 0.42448750312500005 0.5688809046875 0.403388721875 0.5738514671875 0.4020064328125 0.5918119203125001 0.41262205625000004 0.5978409078125 0.44446419062500003 0.5895288140625 0.444219709375 0.5773633968749999
2 0.44129470625 0.5427123875000001 0.41112720625000004 0.538452290625 0.40913841875 0.556707928125 0.41469770781250004 0.5651421109375 0.44549955625 0.561357671875 0.44883709375 0.554476234375 0.44129470625 0.5427123875000001
2 0.441162 0.6131167109375 0.44816484062499995 0.5951287484375001 0.42709938125 0.581655103125 0.400607646875 0.5946314874999999 0.4053637640625 0.615230815625 0.441162 0.6131167109375
2 0.44503256406249997 0.577806690625 0.44649653906250003 0.562720615625 0.4244940328125 0.5499959046875 0.40720593593750004 0.5586663781250001 0.40608535625000003 0.5757655546875 0.427167509375 0.57607238125 0.44503256406249997 0.577806690625