1 0.46565973749999995 0.8416085296875 0.4692326015625 0.864801915625 0.5387317515625 0.8442376156250001 0.5329639937499999 0.8208840546875 0.46565973749999995 0.8416085296875
3 0.5205111640625 0.782453375 0.4547177015625 0.8017033250000001 0.4611273578125 0.846032103125 0.5305007921875 0.8224755203124999 0.5205111640625 0.782453375
3 0.4472668296875 0.752080525 0.453564096875 0.7994308218749999 0.5195436921875001 0.7797283453125 0.50848438125 0.7329627515625 0.4472668296875 0.752080525
3 0.5074484046875 0.732329965625 0.499043309375 0.6934022859375 0.44182151875000003 0.7115997671875001 0.44747333749999996 0.7517248546874999 0.5074484046875 0.732329965625
3 0.4359453015625 0.6788580750000001 0.44073533125 0.7139328890625001 0.49771901874999996 0.69576464375 0.49067368437500003 0.6639744671875001 0.4359453015625 0.6788580750000001
3 0.4308885875 0.64775195625 0.43521085312499996 0.679017134375 0.48920316250000007 0.662075534375 0.4831017953125 0.63403651875 0.4308885875 0.64775195625
3 0.42749685625 0.618160096875 0.43063704999999997 0.6457033484375 0.48261215625 0.6320171484375 0.4757964828125 0.604065840625 0.42749685625 0.618160096875
3 0.42502621406249996 0.592133065625 0.4277506171875 0.616289978125 0.47535770624999996 0.604429125 0.4697760765625 0.5806230359375 0.42502621406249996 0.592133065625
3 0.4225774609375 0.5677017796875 0.42533207187500005 0.5901362859375 0.4697096796875 0.5795313125 0.4651541984375 0.558177271875 0.4225774609375 0.5677017796875
3 0.42037021562500004 0.5496543984375 0.4224557015625 0.5689679515625 0.46434276875 0.558487696875 0.4605979859375 0.5396320328125 0.42037021562500004 0.5496543984375
3 0.4141010828125 0.5051809671874999 0.41576116875 0.5187012828124999 0.4526524765625 0.5106134875 0.4494481796875 0.49499542031250005 0.4141010828125 0.5051809671874999
3 0.4174890234375 0.5348536234375 0.4198551734375 0.551154940625 0.4599728484375 0.5414002421874999 0.45708096875 0.5259979671874999 0.4174890234375 0.5348536234375
3 0.455992128125 0.5244231328125 0.4529079375 0.5108391859375 0.41552446875 0.5188627359375 0.4174349015625 0.534421965625 0.455992128125 0.5244231328125
0 0.45439253281249997 0.7651155671875001 0.46161293593749997 0.7979827140625 0.471203140625 0.7952808250000001 0.4657401640625 0.7617623609375 0.45439253281249997 0.7651155671875001
0 0.44852654531249997 0.7203338140625 0.455562559375 0.751699240625 0.46440237968750003 0.7488717203124999 0.458976775 0.7166552640625 0.44852654531249997 0.7203338140625
0 0.44134851406250003 0.6799319703125 0.44800191875 0.7126008109375 0.45650695625 0.7088068296875 0.45150471562499994 0.6758539921875 0.44134851406250003 0.6799319703125
0 0.43740295468749996 0.6458027093750001 0.44263076406249996 0.6764143984375 0.4520113765625 0.6747126640625 0.44665747656250004 0.6433598015624999 0.43740295468749996 0.6458027093750001
0 0.44201235624999996 0.61508170625 0.433282178125 0.616806934375 0.43796347343750003 0.6399686171875001 0.44511385781249996 0.6373485328124999 0.44201235624999996 0.61508170625
0 0.429698759375 0.589144084375 0.4345074828125 0.6153388421875 0.441574565625 0.6140355828125 0.437731234375 0.5877222890625 0.429698759375 0.589144084375
0 0.4265740390625 0.56721228125 0.43053556875 0.588502446875 0.43773863437499994 0.5863114281249999 0.4338714375 0.5647919124999999 0.4265740390625 0.56721228125
0 0.4236197328125 0.5476660250000001 0.4277852375 0.5676245515625 0.4341435859375 0.56553725 0.43150519374999996 0.546044515625 0.4236197328125 0.5476660250000001
0 0.42117344375 0.529788471875 0.42421978749999995 0.546617925 0.43070984218749997 0.54560328125 0.42814619374999996 0.528714559375 0.42117344375 0.529788471875
0 0.419467015625 0.5128978531249999 0.4220612828125 0.5280406906249999 0.42770661875 0.5271297625 0.42581005625 0.51168349375 0.419467015625 0.5128978531249999
0 0.41672139843749995 0.4980947234375 0.41985104375000004 0.51360735625 0.42532302343749995 0.5122821859375 0.4228120578125 0.495822525 0.41672139843749995 0.4980947234375
0 0.41516413906249994 0.4844825265625 0.4182408015625 0.49869838125 0.422735296875 0.49735768125 0.42099389374999996 0.4831750890625 0.41516413906249994 0.4844825265625
2 0.4459523984375 0.7465167421875 0.45485749531249997 0.7864351328125 0.5159674062499999 0.7670688625000001 0.5074684406250001 0.722694378125 0.4459523984375 0.7465167421875
2 0.4315762703125 0.6418545921875001 0.4381654734375 0.6722280671875 0.48514105 0.657308796875 0.4877351703125 0.634959146875 0.47984943125 0.6250812984375 0.45796952187500006 0.6223447656250001 0.4315762703125 0.6418545921875001
2 0.4269168 0.6163282859375 0.4305208203125 0.6379169 0.4795796109375 0.6244365468749999 0.4772016953125 0.6050699703125 0.468974653125 0.5986234328125 0.43856459374999995 0.6040520218750001 0.4269168 0.6163282859375
2 0.4643323546875 0.5747897203125001 0.4371762484375 0.5710063203125 0.4237494 0.585873609375 0.42737058906250003 0.6091548171875 0.451958153125 0.6044411421875 0.47767931093750005 0.5965378140625 0.4724668875 0.5758245671875 0.4643323546875 0.5747897203125001
2 0.46998419687500004 0.5757904640625 0.4674118015625 0.5594982296875 0.46687216249999997 0.5582087265625 0.44054934062499995 0.5550008937500001 0.42053819531250003 0.5659314656250001 0.42531014687499996 0.587715615625 0.46998419687500004 0.5757904640625
2 0.46433796093749996 0.5530968390625 0.46156057187500005 0.5351350734375 0.4473403828125 0.5311191046875 0.4299548953125 0.5339316546874999 0.4187885734375 0.5454709234374999 0.422798721875 0.56260344375 0.46433796093749996 0.5530968390625
2 0.45950284375 0.5242026953125001 0.46038659062500004 0.5112144453125 0.4446123109375 0.5023051875 0.427561471875 0.5047377078124999 0.41845068281250003 0.5112794203125001 0.4186700421875 0.5254879875 0.43267858124999997 0.5308857046875 0.45950284375 0.5242026953125001
2 0.4446982515625 0.48941489687499995 0.4302425828125 0.4881393640625 0.42313967343750003 0.4924008984375 0.42474247187499997 0.5132184093750001 0.45630329375 0.5062927625 0.45682856562499996 0.49504323125000005 0.4446982515625 0.48941489687499995
2 0.421061634375 0.5257323609375 0.42449295468750003 0.5412849171875 0.46147484062500005 0.5385476140625001 0.46158058750000003 0.5264254078125 0.4617389421875 0.526534784375 0.4545622609375 0.5194290359375 0.4325271953125 0.5187852421875 0.421061634375 0.5257323609375
2 0.4449404140625 0.71616315625 0.4565210546875 0.7386376125 0.5113546140625 0.719956709375 0.5102096734375 0.6969476703125 0.50045028125 0.6824639734375 0.47134041250000003 0.6882785015625 0.4449404140625 0.71616315625