1 0.3575748453125 0.882045096875 0.355023078125 0.9053729125000001 0.42747653437500005 0.9034970281250001 0.4279496546875 0.8794464156249999 0.3575748453125 0.882045096875
3 0.42586773906250003 0.8391022015624999 0.357333878125 0.840667621875 0.3520519984375 0.8851448749999999 0.425158484375 0.8803461312499999 0.42586773906250003 0.8391022015624999
3 0.36362505 0.7924562515625 0.357452584375 0.8398229796875001 0.426283353125 0.8378686234374999 0.42770470625 0.7898341703125 0.36362505 0.7924562515625
3 0.427229453125 0.788044728125 0.42918598125 0.748268078125 0.369204121875 0.7510354046875001 0.3642782203125 0.7912560609375 0.427229453125 0.788044728125
3 0.37413045 0.715982759375 0.36967923125 0.751102178125 0.42942353750000006 0.7483014640625 0.43084616875000004 0.71577104375 0.37413045 0.715982759375
3 0.378285184375 0.6864202875000001 0.37436814687500003 0.7177388171875 0.43090552187500003 0.7153487234375 0.4322690859375 0.686685965625 0.378285184375 0.6864202875000001
3 0.3824400609375 0.658580484375 0.37834453749999997 0.685997965625 0.43209088281249997 0.6862302578125 0.43274177968750005 0.6574673421874999 0.3824400609375 0.658580484375
3 0.386713928125 0.6333413828125 0.38309323125 0.6573802953125 0.4321479609375 0.6582452109375 0.43291799218750004 0.6338056640625 0.386713928125 0.6333413828125
3 0.39021591875 0.6101471125 0.3870701921875 0.6325301265625 0.4326804359375 0.633772278125 0.43380701093749996 0.611966815625 0.39021591875 0.6101471125
3 0.3933629828125 0.592228865625 0.3903786921875 0.6114240875 0.43355098124999997 0.6121421109375 0.43481400312499996 0.5929597156249999 0.3933629828125 0.592228865625
3 0.4004900203125 0.5445760171875 0.39859422499999997 0.5580653 0.4363217671875 0.5598012609375 0.437268909375 0.5438860359375 0.4004900203125 0.5445760171875
3 0.3956266921875 0.5751527890625 0.3936931265625 0.5915110578125 0.43496852500000005 0.5924719609375 0.4361615859375 0.57684603125 0.3956266921875 0.5751527890625
3 0.435897459375 0.57454525 0.43643414218750004 0.56062591875 0.3982478359375 0.558700515625 0.3960661484375 0.5742240359374999 0.435897459375 0.57454525
0 0.367115865625 0.8064791124999999 0.3655835953125 0.8400951171875001 0.37554632187500003 0.8399674203125 0.378944709375 0.8061771484375001 0.367115865625 0.8064791124999999
0 0.373192059375 0.7606239765625 0.3718703578125 0.79274170625 0.381140784375 0.7922984468750001 0.3842382875 0.7597754875 0.373192059375 0.7606239765625
0 0.3777036671875 0.7215334890625 0.3766524828125 0.749105634375 0.3852908421875 0.748791809375 0.3885692640625 0.72022308125 0.3777036671875 0.7215334890625
0 0.3828777859375 0.6864649125 0.38191655625 0.7099026328125 0.39067538281249997 0.7104788046875 0.39244924062500003 0.6865004921875 0.3828777859375 0.6864649125
0 0.39626941250000003 0.6575713671875001 0.3873901875 0.656978275 0.3859172875 0.68056235 0.3935021546875 0.6798822 0.39626941250000003 0.6575713671875001
0 0.3912406578125 0.63045434375 0.3891058265625 0.6570011250000001 0.39626941250000003 0.6575713671875001 0.3993674203125 0.63115995 0.3912406578125 0.63045434375
0 0.394278790625 0.6079633140625 0.392595034375 0.629553353125 0.400119740625 0.6293012828125 0.4019539734375 0.607514121875 0.394278790625 0.6079633140625
0 0.3970160390625 0.5867395984375 0.3958739609375 0.607096165625 0.4025558875 0.6067256484375 0.4050524859375 0.587214246875 0.3970160390625 0.5867395984375
0 0.3999642171875 0.56838299375 0.398550975 0.58542745 0.40508249531249996 0.5861271296874999 0.406977325 0.56915035625 0.3999642171875 0.56838299375
0 0.40261158124999996 0.5521667828125 0.40119819687499997 0.5674650859375 0.40688693750000005 0.56804631875 0.4090527875 0.5526355 0.40261158124999996 0.5521667828125
0 0.40462702500000003 0.537826159375 0.40363506562499996 0.5536202234375 0.40926357187500007 0.553756459375 0.41109823749999996 0.5372077625 0.40462702500000003 0.537826159375
0 0.40710190468749996 0.5232364125 0.406394396875 0.5377641734374999 0.41108274375000003 0.53763241875 0.413071403125 0.5234823765625001 0.40710190468749996 0.5232364125
2 0.37195724375 0.7416583578125 0.3703561828125 0.7870692 0.430973934375 0.782171971875 0.43530578750000004 0.756096028125 0.43323318437499997 0.74394485625 0.3997866875 0.7311400015625 0.37195724375 0.7416583578125
2 0.37699699531249997 0.7057986640625 0.3741101359375 0.73583331875 0.3939270703125 0.74118805 0.43017993906249996 0.73956245625 0.43252235156249996 0.718148534375 0.4134677328125 0.7018317125 0.37699699531249997 0.7057986640625
2 0.3819013859375 0.6811868375000001 0.38045854375 0.7033201796874999 0.4036006859375 0.7055842734375 0.43309377656250003 0.7061712906250001 0.4378351734375 0.6882571609375 0.427149040625 0.6756860953125 0.3819013859375 0.6811868375000001
2 0.39015555 0.6208731375000001 0.3891495578125 0.6517651265625 0.4351066109375 0.654666003125 0.43976641250000004 0.6389147187499999 0.43682154687499997 0.6266409578125 0.4097262609375 0.6153217015625 0.39015555 0.6208731375000001
2 0.440226 0.5929234140624999 0.430521096875 0.5796995921875 0.41370246875000005 0.5735802578125 0.397021421875 0.5830957765625 0.39405205468750004 0.6042239203124999 0.40776308281249996 0.6079298625 0.43553889218749997 0.6080778687499999 0.440226 0.5929234140624999
2 0.43768930624999997 0.5722074328125 0.4187714859375 0.5620374453125 0.3973197765625 0.5651502125000001 0.394377390625 0.5829218468749999 0.4043538 0.58313795 0.43687257031250004 0.5843478656250001 0.43768930624999997 0.5722074328125
2 0.4377954671875 0.5374333515624999 0.40811405624999997 0.53056019375 0.404541753125 0.5485730281250001 0.40934480000000006 0.5574596406250001 0.4403592734375 0.5563741609374999 0.4442838671875 0.5498097937499999 0.4377954671875 0.5374333515624999