1 0.41264317500000003 0.8320307609375 0.41254380625 0.8554975171875 0.484404271875 0.8460584609374999 0.4823608265625 0.8220901453125 0.41264317500000003 0.8320307609375
3 0.47607319531250003 0.7821845578125 0.40807840312500004 0.79090514375 0.40747459687500004 0.8356908515624999 0.47967899062499997 0.8232766874999999 0.47607319531250003 0.7821845578125
3 0.4084819796875 0.7407277109375 0.4072945 0.78848015625 0.47554392187500005 0.77934173125 0.4719365203125 0.73142184375 0.4084819796875 0.7407277109375
3 0.47101228749999996 0.7306347859375 0.4688003046875 0.6908715234375 0.40943629687499994 0.699893503125 0.40874158437499997 0.7404087234375 0.47101228749999996 0.7306347859375
3 0.40875435312499997 0.6666356734375001 0.4079985 0.7020279828125 0.46712276406250003 0.6929976328125 0.4651372484375 0.6604967125 0.40875435312499997 0.6666356734375001
3 0.40862596562500003 0.6351214781250001 0.40800406562499997 0.6666778812499999 0.46398189062500006 0.6583911171875 0.46234190937499997 0.6297428453125 0.40862596562500003 0.6351214781250001
3 0.4099051796875 0.605363359375 0.4086979984375 0.63305874375 0.46217419687500005 0.6276717406250001 0.459814984375 0.598998353125 0.4099051796875 0.605363359375
3 0.41153647812500005 0.5792702703125 0.4104483671875 0.6035559625 0.45932477812499994 0.599288525 0.4575359609375 0.57490236875 0.41153647812500005 0.5792702703125
3 0.4129397703125 0.5547567046874999 0.4121509375 0.577345921875 0.457641165625 0.5738137 0.45648227812500003 0.552009928125 0.4129397703125 0.5547567046874999
3 0.41358293125 0.536586228125 0.4126214359375 0.555988240625 0.45563227656249994 0.552189596875 0.454883275 0.5329802625 0.41358293125 0.536586228125
3 0.41434815937499997 0.4916796296875 0.41387276406250006 0.50529318125 0.4515750875 0.5030760328125 0.4508534453125 0.4871489875 0.41434815937499997 0.4916796296875
3 0.4130525625 0.5215169578125 0.41283949375000006 0.537987725 0.45398922500000005 0.5346289109375 0.4535423953125 0.5189638734375001 0.4130525625 0.5215169578125
3 0.45271331875 0.517238096875 0.45179209687500005 0.5033389171875 0.4136137203125 0.5054156187500001 0.4130666328125 0.5210821484375 0.45271331875 0.517238096875
0 0.4134808234375 0.754716975 0.415470778125 0.7883089921875001 0.4253655796875 0.78714060625 0.42521330468749996 0.7531802125 0.4134808234375 0.754716975
0 0.41469246562500006 0.7095689171874999 0.41673522187499995 0.7416488593749999 0.42590853125 0.7402390015625 0.4255894890625 0.70757043125 0.41469246562500006 0.7095689171874999
0 0.4139230484375 0.6685415953125 0.41538400624999994 0.7018490500000001 0.42437784218749997 0.6994322609375 0.42459214687499996 0.6661026031249999 0.4139230484375 0.6685415953125
0 0.415365059375 0.6342153015625 0.41573978125 0.66526791875 0.4252711140625 0.6650545875 0.42488779687499995 0.6332501953125 0.415365059375 0.6342153015625
0 0.424723534375 0.60459359375 0.41583095468750003 0.6049318796875001 0.41683133124999994 0.6285407203125 0.424303553125 0.6270714609375 0.424723534375 0.60459359375
0 0.416619078125 0.5770490359375 0.417270834375 0.6036735421875 0.42445478437500006 0.6034918640625 0.42477507656249996 0.5769013015625 0.416619078125 0.5770490359375
0 0.4169637171875 0.5548984359375 0.41754595781250003 0.576546203125 0.42500309375 0.5755089671875 0.42454990156249994 0.5536494296875001 0.4169637171875 0.5548984359375
0 0.4171034921875 0.535130671875 0.41809551093749997 0.5554951046875 0.424702103125 0.5544281640625 0.425145528125 0.5347626828125 0.4171034921875 0.535130671875
0 0.4174839859375 0.5170905359375 0.4178601171875 0.5341893437499999 0.42442899375 0.5342024609375 0.4245388859375 0.5171206234375 0.4174839859375 0.5170905359375
0 0.4184408421875 0.500140925 0.41863430625 0.5155031609375 0.424352640625 0.515486575 0.42489575625000003 0.49993378593750004 0.4184408421875 0.500140925
0 0.418044746875 0.4850905375 0.41870915000000003 0.5009017671875 0.4243210640625 0.50044891875 0.42441587031249994 0.48379910156249994 0.418044746875 0.4850905375
0 0.4186360765625 0.47140231874999994 0.4194510109375 0.48592445 0.424099903125 0.48530334999999997 0.4245985859375 0.47102295312500003 0.4186360765625 0.47140231874999994
2 0.40805410000000003 0.7350268046874999 0.41060494687500004 0.775846796875 0.473992046875 0.7662786546875 0.472539415625 0.7211209625 0.40805410000000003 0.7350268046874999
2 0.4102277328125 0.629404296875 0.4119843546875 0.660434603125 0.46071547031250004 0.6530476125 0.46677390937499996 0.631378934375 0.4605304921875 0.620389096875 0.43934804843749997 0.614263484375 0.4102277328125 0.629404296875
2 0.4096188234375 0.603463359375 0.4098012671875 0.625349975 0.46036485625 0.619710075 0.461045815625 0.60020994375 0.4539285234375 0.59255578125 0.4230436421875 0.593160353125 0.4096188234375 0.603463359375
2 0.45307179375000006 0.5682892859375 0.42684187656250006 0.560304315625 0.41125457968749995 0.572888140625 0.4111892015625 0.596449196875 0.436211434375 0.5956398968750001 0.46285227500000004 0.5918575484375 0.460944290625 0.5705839140625 0.45307179375000006 0.5682892859375
2 0.4584975015625 0.5701618515625 0.4585054421875 0.5536677890624999 0.4581741703125 0.5523097453125 0.4326772421875 0.545023609375 0.4112025484375 0.552689175 0.4125079578125 0.5749516234375001 0.4584975015625 0.5701618515625
2 0.45647084375 0.5468643578125 0.4565374875 0.52868925 0.44312060937500003 0.5224981984375 0.4255091859375 0.5225564312500001 0.4126752015625 0.5322068343749999 0.41395586250000005 0.54975575 0.45647084375 0.5468643578125
2 0.45621529531249994 0.51756956875 0.45911997187500003 0.5048794734375 0.444933615625 0.49361226406250003 0.42771216875 0.49334749687499996 0.4176902 0.498383428125 0.41568415 0.5124513796875 0.42867583125 0.5199740609375 0.45621529531249994 0.51756956875
2 0.44703498281250004 0.48089411875000004 0.43295682500000005 0.47737292499999995 0.4252747140625 0.4804708515625 0.4236012015625 0.501282796875 0.45585686875000003 0.4993796171875 0.4581354875 0.48835075781250004 0.44703498281250004 0.48089411875000004
2 0.41800806875 0.513066871875 0.41896418750000003 0.528964728125 0.455918975 0.5320463656250001 0.45791975 0.520089946875 0.45805904531249997 0.5202227500000001 0.4520823046875 0.512081803125 0.4304192390625 0.5079988921874999 0.41800806875 0.513066871875