1 0.39828965312500003 0.894839696875 0.398190284375 0.9183064515625 0.47005074999999996 0.908867396875 0.4680073046875 0.8848990796875 0.39828965312500003 0.894839696875
3 0.461719675 0.8449934953125 0.39372488125 0.8537140796875 0.393121075 0.8984997874999999 0.46532547031249993 0.8860856234375 0.461719675 0.8449934953125
3 0.39494212812499996 0.8051092093750001 0.39375464843749997 0.8528616546875 0.46200406875000005 0.84372323125 0.45839666875 0.7958033437500001 0.39494212812499996 0.8051092093750001
3 0.457736971875 0.79407338125 0.45552498906250005 0.7543101203125 0.39616097968749997 0.7633321 0.3954662671875 0.8038473187499999 0.457736971875 0.79407338125
3 0.39739632187499996 0.727956534375 0.3966404671875 0.76334884375 0.4557647328125 0.7543184921874999 0.453779215625 0.7218175718750001 0.39739632187499996 0.727956534375
3 0.39843817656249997 0.6981217203125001 0.397816275 0.7296781250000001 0.4537941 0.7213913609375 0.4521541203125 0.6927430890624999 0.39843817656249997 0.6981217203125001
3 0.399660240625 0.670000125 0.3984530609375 0.6976955078125 0.45192925937500006 0.6923085046875 0.449570046875 0.6636351171875 0.399660240625 0.670000125
3 0.4012724921875 0.64445254375 0.4001843796875 0.668738234375 0.44906079062500004 0.664470796875 0.44727197343749997 0.6400846421875 0.4012724921875 0.64445254375
3 0.4023308359375 0.6210192765625 0.401542003125 0.6436084921874999 0.44703222968749995 0.6400762703125 0.4458733421875 0.6182725 0.4023308359375 0.6210192765625
3 0.4035876921875 0.6028702296875 0.402626196875 0.622272240625 0.44563703749999994 0.6184735984375 0.4448880359375 0.5992642640625 0.4035876921875 0.6028702296875
3 0.4056946078125 0.55473345 0.40521921250000004 0.5683470015625 0.4429215375 0.5661298515625 0.44219989687499994 0.5502028078125 0.4056946078125 0.55473345
3 0.404054065625 0.585651075 0.40384099687499997 0.6021218453125 0.4449907265625 0.5987630296875001 0.44454389687500007 0.5830979921874999 0.404054065625 0.585651075
3 0.44404071875 0.5808374234375 0.44311949687499996 0.5669382453125 0.40494112031249996 0.5690149453125 0.4043940328125 0.584681475 0.44404071875 0.5808374234375
0 0.399879609375 0.8186903624999999 0.40186956250000005 0.85228238125 0.41176436406250005 0.85111399375 0.4116120890625 0.8171536015624999 0.399879609375 0.8186903624999999
0 0.40112935 0.7724512906250001 0.40317210625 0.80453123125 0.41234541562500004 0.8031213765624999 0.41202637500000006 0.7704528046875 0.40112935 0.7724512906250001
0 0.401530175 0.733103353125 0.403366821875 0.7606343343749999 0.41192505625000003 0.7594192734375 0.41219927343749996 0.7306643609375 0.401530175 0.733103353125
0 0.40301028437499997 0.69768604375 0.404504228125 0.7210958453125 0.41327530156250003 0.7207533140625 0.412533025 0.6967209390625 0.40301028437499997 0.69768604375
0 0.41330835312499997 0.6675509749999999 0.4044157734375 0.6678892624999999 0.40541615000000003 0.6914981015625 0.412888371875 0.6900288421874999 0.41330835312499997 0.6675509749999999
0 0.40547264375000003 0.641108146875 0.40612440312500003 0.6677326546875 0.41330835312499997 0.6675509749999999 0.41362864374999997 0.6409604125 0.40547264375000003 0.641108146875
0 0.40614318125000004 0.6184227546875001 0.40672542343750007 0.640070521875 0.41418255937500004 0.6390332859375001 0.41372936562499996 0.61717375 0.40614318125000004 0.6184227546875001
0 0.406646953125 0.597029184375 0.407638971875 0.617393615625 0.41424556562500003 0.616326678125 0.4146889890625 0.5966611953125 0.406646953125 0.597029184375
0 0.40766019218749994 0.578464971875 0.40803632343749996 0.5955637796875 0.4146052 0.595576896875 0.41471509375000004 0.5784950609374999 0.40766019218749994 0.578464971875
0 0.4085979984375 0.5620608687499999 0.40879146562499996 0.57742310625 0.4145097984375 0.5774065187499999 0.4150529140625 0.5618537296875 0.4085979984375 0.5620608687499999
0 0.4091033984375 0.547588134375 0.40976780156250003 0.5633993640625 0.415379715625 0.562946515625 0.41547452187499995 0.5462967 0.4091033984375 0.547588134375
0 0.41003967656249996 0.5328196171874999 0.410854609375 0.547341746875 0.4155035015625 0.5467206484375 0.41600218437500003 0.53244025 0.41003967656249996 0.5328196171874999
2 0.397918853125 0.753718640625 0.40107328750000004 0.7990480734375 0.46084706875 0.7878413937500001 0.4624295140625 0.7614554953125 0.459098121875 0.749587534375 0.4244963765625 0.7403489359375001 0.397918853125 0.753718640625
2 0.3991826375 0.7175285921875 0.39945106875 0.7477004734375 0.41971916406250004 0.7509544375 0.45560351718750003 0.7455482921875001 0.45569473125000004 0.7240068281250001 0.435038925 0.7097711421875 0.3991826375 0.7175285921875
2 0.40148752343750005 0.69253894375 0.40236615000000003 0.7147018562499999 0.42561817812499997 0.7145345328125 0.4550110640625 0.7120354671875 0.4578539515625 0.6937238625 0.44591232343750004 0.6823386671875 0.40148752343750005 0.69253894375
2 0.403391971875 0.631692853125 0.405620584375 0.6625207671875 0.45162910468749995 0.6606019328125 0.4546169203125 0.644449853125 0.45040522968749996 0.6325511515625 0.422275190625 0.6241261328125 0.403391971875 0.631692853125
2 0.4455783828125 0.5783251140625 0.4257011421875 0.5701882890625 0.404692321875 0.5755263187499999 0.403623696875 0.5935081609374999 0.41434292343749995 0.5993509609375 0.4460351421875 0.5904844125 0.4455783828125 0.5783251140625
2 0.44204908125 0.54373043125 0.41181182656250004 0.539997478125 0.41014194687499994 0.55828504375 0.4158475859375 0.56662091875 0.4465786953125 0.562299490625 0.44979562812499996 0.555360853125 0.44204908125 0.54373043125
2 0.44314512031250003 0.614126346875 0.4498329609375 0.5960189078125 0.4285355625 0.5829149578124999 0.4022743328125 0.5963517109375001 0.4073892328125 0.6168648953125 0.44314512031250003 0.614126346875
2 0.44639885 0.5787541546875 0.44759931406250003 0.5636448265625 0.42537808281249995 0.5513060515625 0.4082439375 0.560276921875 0.40742195 0.5773930515625 0.42850624843749996 0.577331896875 0.44639885 0.5787541546875