1 0.3845719046875 0.89104953125 0.3836536203125 0.9144985234374999 0.45579972812499997 0.9075731109375 0.45459400937499994 0.8835480812500001 0.3845719046875 0.89104953125
3 0.44970289531249996 0.8434473703125 0.381445178125 0.8497896578124999 0.379278740625 0.8945270125 0.45187239999999995 0.8846403078125 0.44970289531249996 0.8434473703125
3 0.38435796875 0.801256878125 0.381504675 0.8489387921875 0.450031446875 0.8421878046875 0.448098625 0.7941712140625 0.38435796875 0.801256878125
3 0.447499703125 0.79241928125 0.44667678593750004 0.7526030453125 0.387034078125 0.7595477546875 0.3849258265625 0.8000140484375 0.447499703125 0.79241928125
3 0.3895032578125 0.7242368531250001 0.38751268906249997 0.7595812234375 0.4469160921875 0.7526197796874999 0.44606605000000005 0.7200693640625 0.3895032578125 0.7242368531250001
3 0.391585696875 0.6944565734375 0.389862871875 0.72597205 0.4460958 0.7196439328124999 0.4454566296875 0.690955878125 0.391585696875 0.6944565734375
3 0.39378844687500003 0.6663947578125 0.391615446875 0.694031140625 0.445247071875 0.6905137109374999 0.4438899828125 0.66177545625 0.39378844687500003 0.6663947578125
3 0.3962913125 0.64091900625 0.3943563046875 0.665151928125 0.44335187343750004 0.6625928515624999 0.4424152109375 0.6381591249999999 0.3962913125 0.64091900625
3 0.39816682187499997 0.6175369500000001 0.39659011718750004 0.640084875 0.44217590468749995 0.638142390625 0.4417786640625 0.616311459375 0.39816682187499997 0.6175369500000001
3 0.40005630468750003 0.5994428234375 0.398418275 0.618799459375 0.4415354859375 0.6165041875 0.4414573359375 0.597280415625 0.40005630468750003 0.5994428234375
3 0.40384188749999994 0.551408896875 0.40289167499999995 0.5649975656249999 0.44064840937499994 0.5640975578125 0.4404830546875 0.54815503125 0.40384188749999994 0.551408896875
3 0.4011233328125 0.582250434375 0.4003355734375 0.598703734375 0.4415774578125 0.5967830703125 0.4416776015625 0.5811119812500001 0.4011233328125 0.582250434375
3 0.44125362343749996 0.578835228125 0.44081803593749996 0.5649123671875 0.40259044062499993 0.565655396875 0.4014969328125 0.5812932890625 0.44125362343749996 0.578835228125
0 0.388818465625 0.8150020734375 0.3896348625 0.8486430765625 0.3995644140625 0.8478207265625001 0.40059743281250004 0.8138757062499999 0.388818465625 0.8150020734375
0 0.391681165625 0.768834784375 0.3926031046875 0.8009664750000001 0.40182002812500006 0.799877621875 0.4026413 0.7672178171875 0.391681165625 0.768834784375
0 0.3934549703125 0.7295248046875 0.39432968125 0.7571031140625 0.40292510625 0.756187471875 0.4042026890625 0.7274596453125 0.3934549703125 0.7295248046875
0 0.3961702234375 0.6941807265625 0.39684626875 0.7176284046875 0.40562395156250003 0.7175921890625 0.40572084531249997 0.6935485484374999 0.3961702234375 0.6941807265625
0 0.40751371875000003 0.6644234124999999 0.39861475 0.6644511468750001 0.3987905796875 0.6880805171875 0.40630952656249997 0.6868729296875 0.40751371875000003 0.6644234124999999
0 0.400605625 0.6377232312500001 0.40032780468749996 0.664354265625 0.40751371875000003 0.6644234124999999 0.40876181093749997 0.6378602250000001 0.400605625 0.6377232312500001
0 0.4020674625 0.615075059375 0.401893853125 0.636729959375 0.40938264531249996 0.63595360625 0.40969261562500003 0.6140915687499999 0.4020674625 0.615075059375
0 0.40331755156250004 0.593712103125 0.4035982578125 0.6140987499999999 0.41023806250000006 0.613263028125 0.41136753125 0.5936250015625 0.40331755156250004 0.593712103125
0 0.4049780546875 0.5751945609375 0.4047572171875 0.5922960796875001 0.41132163437499997 0.5925384390625 0.41202760781250003 0.57547084375 0.4049780546875 0.5751945609375
0 0.40648778593749996 0.5588331796875 0.406145 0.5741928093750001 0.41186042812499996 0.5743758 0.412945996875 0.5588514390625 0.40648778593749996 0.5588331796875
0 0.40749796875 0.5443869 0.4076101625 0.560211684375 0.4132344625 0.5599549640625 0.41391028125 0.5433186 0.40749796875 0.5443869
0 0.4089490890625 0.529660053125 0.40925671093749993 0.5442017796874999 0.413924446875 0.5437433031250001 0.41492120468750004 0.5294890078125001 0.4089490890625 0.529660053125
2 0.389126384375 0.7500015015625 0.3906969234375 0.7954134093749999 0.4508254 0.7862996296875 0.4533277359375 0.75998503125 0.45041255781249995 0.7480080375 0.4161543140625 0.737567484375 0.389126384375 0.7500015015625
2 0.3916524140625 0.7138776046875 0.3908676984375 0.7440404734375 0.41100988593750004 0.7479998015625 0.44706105 0.7438492953125 0.44790399531249997 0.7223241390624999 0.427757590625 0.707376246875 0.3916524140625 0.7138776046875
2 0.394828021875 0.68898361875 0.3949326390625 0.71116369375 0.41817634375 0.71180795625 0.44763853906250006 0.7103362093750001 0.451118759375 0.692134975 0.4395817453125 0.6803399578125 0.394828021875 0.68898361875
2 0.398854809375 0.6282410578125 0.400006184375 0.6591279703125 0.44605364375 0.658815978125 0.44960333906249994 0.6427780109375 0.445809471875 0.630739571875 0.41799059843749997 0.6213379609375 0.398854809375 0.6282410578125
2 0.446853615625 0.5968666812500001 0.43624990625000004 0.5843520515625 0.41904538437500005 0.57942083125 0.40306874062500003 0.59007678125 0.40158043125000004 0.6113605921875 0.41551657343750004 0.614101071875 0.44323504687500004 0.612311175 0.446853615625 0.5968666812500001
2 0.442878028125 0.5763781140625001 0.4232968671875 0.5675525390625 0.40211455 0.5721541203125 0.40041901874999997 0.5900877140625 0.41038620000000003 0.589607371875 0.44291015624999996 0.5885459453124999 0.442878028125 0.5763781140625001
2 0.44055821249999993 0.541681334375 0.41046965625 0.536895390625 0.4081625671875 0.5551135375 0.41357381249999997 0.5636434593749999 0.44443701718749995 0.5603971624999999 0.44789414531249994 0.553575021875 0.44055821249999993 0.541681334375