1 0.36426414375 0.8844725718750001 0.3621198921875 0.90784136875 0.434529575 0.9047012828125001 0.43458288125 0.8806460765624999 0.36426414375 0.8844725718750001
3 0.4317971796875 0.840344340625 0.3633010765625 0.8431056031249999 0.3587962375 0.8876682640625001 0.4318078390625 0.8815943671875001 0.4317971796875 0.840344340625
3 0.3687498859375 0.7947917796875 0.36340502343750003 0.8422590171875 0.4321912015625 0.8391036968750001 0.43277402187499997 0.7910517546875 0.3687498859375 0.7947917796875
3 0.4322676109375 0.789270878125 0.4335296421875 0.7494661406249999 0.3736052140625 0.753279875 0.369382009375 0.7935803734375 0.4322676109375 0.789270878125
3 0.3779190390625 0.718146590625 0.3740814171875 0.7533383453125 0.43376774375 0.749495375 0.434622425 0.71694508125 0.3779190390625 0.718146590625
3 0.3815572046875 0.6885161109375 0.378187346875 0.71989823125 0.4346743984375 0.716521790625 0.4355375203125 0.6878396 0.3815572046875 0.6885161109375
3 0.3852255765625 0.6606080359375001 0.381609178125 0.6880928171875 0.43535139218749996 0.687387071875 0.4355002078125 0.6586171765625 0.3852255765625 0.6606080359375001
3 0.3890583109375 0.6352981890625 0.3858577015625 0.6593966296875 0.4349200546875 0.659405290625 0.4352634390625 0.6349560265624999 0.3890583109375 0.6352981890625
3 0.39215497187500004 0.6120463328125 0.38940036093749997 0.6344808375000001 0.43502533593750004 0.6349267921874999 0.4357711828125 0.6131049890625 0.39215497187500004 0.6120463328125
3 0.3949888390625 0.594075890625 0.39234000625 0.6133202718749999 0.43551825156249996 0.6132847265625 0.436446303125 0.594083209375 0.3949888390625 0.594075890625
3 0.401283134375 0.5463059171875 0.39962304843749996 0.55982623125 0.4373751421875 0.5609034921875 0.43804437968750004 0.5449741609375 0.401283134375 0.5463059171875
3 0.3969541859375 0.5769629078125 0.3953064046875 0.59335243125 0.43659228906249997 0.5935928328125 0.4375124578125 0.5779484609375001 0.3969541859375 0.5769629078125
3 0.437208215625 0.5756526390625 0.4375018921875 0.5617260625 0.3992877984375 0.5604673953125 0.39737736562500003 0.5760266265625 0.437208215625 0.5756526390625
0 0.37248490156249997 0.8087515828124999 0.3715395453125 0.8423892093750001 0.3814985265625 0.8420876578125001 0.38430667500000004 0.808243221875 0.37248490156249997 0.8087515828124999
0 0.3777598875 0.7627973859375 0.37699892031250004 0.7949332906250001 0.3862601984375 0.7943283078125 0.3887896265625 0.7617562437500001 0.3777598875 0.7627973859375
0 0.3815885859375 0.7236341140625 0.3810187609375 0.7512204062500001 0.389650328125 0.75075586875 0.3924296578125 0.7221342749999999 0.3815885859375 0.7236341140625
0 0.3861498859375 0.688480578125 0.385597846875 0.7119315046875 0.39436539531250003 0.7123547265625 0.395720503125 0.68834910625 0.3861498859375 0.688480578125
0 0.3990352109375 0.6593577171875 0.3901469875 0.658919678125 0.3890859109375 0.6825258671875 0.396657753125 0.681713446875 0.3990352109375 0.6593577171875
0 0.3935339640625 0.6323325859375 0.3918627640625 0.658912584375 0.3990352109375 0.6593577171875 0.401671803125 0.6328962546875 0.3935339640625 0.6323325859375
0 0.3961791125 0.6097919593750001 0.39487241093750003 0.631408096875 0.40239157031249995 0.631024740625 0.4038452875 0.6092088859375 0.3961791125 0.6097919593750001
0 0.3985455390625 0.5885237046875 0.39775890625 0.608897103125 0.40443334843749995 0.608410028125 0.4065890453125 0.5888580265625001 0.3985455390625 0.5885237046875
0 0.4011729 0.57011844375 0.400057340625 0.58718496875 0.406600078125 0.58777055 0.4081983328125 0.57076329375 0.4011729 0.57011844375
0 0.40353684999999995 0.5538585 0.4023906734375 0.5691791390625001 0.4080886921875 0.5696610015625 0.40998525468749997 0.55421473125 0.40353684999999995 0.5538585
0 0.4053017078125 0.5394848859375 0.40458554375 0.5552938562499999 0.4102155703125 0.555331840625 0.41176114375 0.5387536453124999 0.4053017078125 0.5394848859375
0 0.40752158437499997 0.52485416875 0.4070677296875 0.539392065625 0.4117530625 0.5391785078125 0.4134944671875 0.5249959140625 0.40752158437499997 0.52485416875
2 0.376194265625 0.74385620625 0.3753859765625 0.7892880734375 0.4359090265625 0.7833336671875 0.43978513281250003 0.75718609375 0.437500778125 0.74507294375 0.40383589999999997 0.7328537625 0.376194265625 0.74385620625
2 0.3806074109375 0.7079140171875 0.37824516875 0.73799448125 0.3981525375 0.7430025437500001 0.4343715140625 0.740744496875 0.4363398453125 0.71929295625 0.4170033609375 0.70331116875 0.3806074109375 0.7079140171875
2 0.38508151874999996 0.683220346875 0.3840251765625 0.7053754999999999 0.4072033078125 0.7072353625 0.4367021515625 0.7073075640625001 0.44113018281249994 0.6893134140625 0.43022628125000006 0.6769307609374999 0.38508151874999996 0.683220346875
2 0.39228180625000003 0.622771778125 0.3918151078125 0.6536766187499999 0.4378157890625 0.6557749937499999 0.4421999828125 0.63994478125 0.4390413578125 0.6277242859375 0.4117526515625 0.61687963125 0.39228180625000003 0.622771778125
2 0.43895899062500005 0.57328390625 0.41986655937500006 0.5634456296875 0.39847244375 0.56693230625 0.39584066406249996 0.5847525859375 0.40581932500000006 0.5847945453125 0.43835425937499994 0.58543674375 0.43895899062500005 0.57328390625
2 0.43845824375 0.5385132687499999 0.4086614 0.5321591703124999 0.4054040078125 0.55023160625 0.410361415625 0.5590330406249999 0.441352221875 0.5574064484375 0.4451616546875 0.5507745890625 0.43845824375 0.5385132687499999