1 0.3777647296875 0.888975475 0.37643734375000004 0.91240486875 0.44869332812499996 0.9067396343749999 0.4479070890625 0.8826972218750001 0.3777647296875 0.888975475
3 0.443716571875 0.8425172562500001 0.3753585625 0.8476673171875 0.37241168125 0.8923600468749999 0.44516683125 0.8837417828125 0.443716571875 0.8425172562500001
3 0.3791179234375 0.7991927640625 0.37543290156250003 0.84681761875 0.4440670578125 0.8412636171875001 0.44297253281250004 0.79322060625 0.3791179234375 0.7991927640625
3 0.44240427968749996 0.7914584875 0.44227637656249996 0.7516339546874999 0.38252155 0.757536696875 0.37970738593750003 0.797960034375 0.44240427968749996 0.7914584875
3 0.38560661406249996 0.7222742656250001 0.3829995046875 0.7575785125000001 0.44251535468750003 0.7516548625 0.44223352499999996 0.71909456875 0.38560661406249996 0.7222742656250001
3 0.3882084734375 0.692534865625 0.385935890625 0.7240154765625 0.44227069375 0.718669721875 0.442132296875 0.6899748812500001 0.3882084734375 0.692534865625
3 0.390900634375 0.6645157671875 0.38824564375000004 0.6921100171875 0.4419304890625 0.6895291234375 0.44107515781249995 0.6607715609375 0.390900634375 0.6645157671875
3 0.39384773281249996 0.639087578125 0.391490096875 0.6632830375000001 0.4405228640625 0.6615794421875 0.44001277187500004 0.6371330890625 0.39384773281249996 0.639087578125
3 0.396131028125 0.6157418140625001 0.3941610484375 0.6382587875 0.43977379531249994 0.63711218125 0.43975761718750006 0.6152776421875 0.396131028125 0.6157418140625001
3 0.3983360109375 0.59768341875 0.39636041093749996 0.6170085203125 0.43951111093749995 0.615466096875 0.439768475 0.5962438890625 0.3983360109375 0.59768341875
3 0.40295932343749996 0.5497228765625 0.40177209999999997 0.5632928921875 0.43953879218749997 0.5630519671875 0.43965169687500005 0.5471089828125 0.40295932343749996 0.5497228765625
3 0.39970292500000004 0.580512271875 0.398628134375 0.5969493171875 0.4398972578125 0.595748715625 0.440270884375 0.5800817609375 0.39970292500000004 0.580512271875
3 0.43988670625 0.57779795625 0.439694171875 0.5638696125 0.40145943125 0.563945365625 0.40009317187500004 0.5795617921875 0.43988670625 0.57779795625
0 0.38333785625 0.8130137124999999 0.3835670109375 0.8466638390625001 0.39350940156249997 0.8460149078124999 0.3951346859375 0.8120930875000001 0.38333785625 0.8130137124999999
0 0.38700585 0.7669034156250001 0.38736687187499996 0.7990463015625 0.3966013953125 0.798118471875 0.3979925328125 0.765477975 0.38700585 0.7669034156250001
0 0.3894654375 0.7276303796875 0.3898587078125 0.7552197546875 0.398468803125 0.7544542625 0.4002475625 0.7257531078125 0.3894654375 0.7276303796875
0 0.3927971171875 0.692339071875 0.393063840625 0.715794978125 0.40184081875000005 0.715911959375 0.4023573171875 0.691873671875 0.3927971171875 0.692339071875
0 0.40465822031250004 0.6627842609375 0.3957601234375 0.662656684375 0.3955235375 0.6862855234375 0.4030624140625 0.68520934375 0.40465822031250004 0.6627842609375
0 0.3982171609375 0.635967584375 0.3974746078125 0.6625897140625 0.40465822031250004 0.6627842609375 0.4063697140625 0.636246903125 0.3982171609375 0.635967584375
0 0.400074040625 0.6133483734375 0.399522528125 0.6349969468750001 0.407023728125 0.6343514078125 0.407715196875 0.6124981109375 0.400074040625 0.6133483734375
0 0.401696775 0.5920104890625 0.40162164218749996 0.6123989296875 0.4082750203125 0.6116792156249999 0.40974705 0.592063890625 0.401696775 0.5920104890625
0 0.40368020156249995 0.573524746875 0.40316093437499995 0.59061980625 0.40972012343750003 0.59097669375 0.410723859375 0.57392401875 0.40368020156249995 0.573524746875
0 0.40547524687500003 0.55719220625 0.4048644515625 0.5725435140624999 0.410575815625 0.572826225 0.41193215624999996 0.557323175 0.40547524687500003 0.55719220625
0 0.4067373984375 0.54276575625 0.40657339531250003 0.5585900890625 0.41220131875000005 0.5584315656250001 0.413167378125 0.5418095296875001 0.4067373984375 0.54276575625
0 0.40844531718750005 0.528066478125 0.40849910468750006 0.5426113578125 0.41317413125 0.5422344156250001 0.4144195078125 0.5279996859375 0.40844531718750005 0.528066478125
2 0.38478014374999997 0.7480284140625 0.38555789687500003 0.7934608140625 0.445836271875 0.7853978109375 0.4487974796875 0.7591308921875 0.4460917734375 0.7471048437500001 0.41202095937500005 0.7360679921875 0.38478014374999997 0.7480284140625
2 0.3879362375 0.711954103125 0.3866252265625 0.7420986828125 0.406695246875 0.7464089390625 0.44281335625 0.7428882437500001 0.44403183906250004 0.7213810765625001 0.424149378125 0.7060838578124999 0.3879362375 0.711954103125
2 0.391545821875 0.68711933125 0.39126332656249996 0.709297853125 0.41449224687499997 0.710347678125 0.443975640625 0.709390340625 0.44777298749999994 0.6912526171875 0.4364435796875 0.679258046875 0.391545821875 0.68711933125
2 0.39663209843749997 0.6264563 0.3972442484375 0.6573586015624999 0.44329013906250003 0.657850296875 0.44711919531250005 0.641876721875 0.44353600625 0.6297739046874999 0.41588545000000005 0.6198882203125 0.39663209843749997 0.6264563
2 0.4451711546875 0.5959243953125 0.43478746875 0.5832266125000001 0.4176716296875 0.5779958828125 0.401511446875 0.5883713796875 0.39965191093749997 0.6096259734375 0.41353810312499995 0.6126092546875 0.44128359218749996 0.611303384375 0.4451711546875 0.5959243953125
2 0.44155374687500004 0.5753695640625 0.4221295953125 0.566203596875 0.40087019531249996 0.57043479375 0.3988619375 0.588336065625 0.408835984375 0.5880297484375 0.4413735109375 0.5875361031249999 0.44155374687500004 0.5753695640625
2 0.4398398265625 0.540637584375 0.4193993046875 0.5355089609375 0.40721469062500004 0.553502359375 0.415804271875 0.5538608734375 0.44339140468749993 0.5594182562500001 0.4469670671875 0.5526574890625 0.4398398265625 0.540637584375