1 0.4597030765625 0.84095718125 0.462870615625 0.8642093890625 0.532718078125 0.8448611500000001 0.527358775 0.8214104843750001 0.4597030765625 0.84095718125
3 0.5155785500000001 0.7827683249999999 0.4494591484375 0.8008670890625 0.45509418437500004 0.8453009796875 0.5248681734375 0.82295871875 0.5155785500000001 0.7827683249999999
3 0.44287544843750004 0.7511218109375 0.44834538124999995 0.7985747984375 0.5146587828125 0.780026825 0.504417328125 0.73307534375 0.44287544843750004 0.7511218109375
3 0.5033925531250001 0.7324245734375 0.4956681203125 0.6933561328125 0.4381374546875 0.710552184375 0.44308813281250004 0.7507697984374999 0.5033925531250001 0.7324245734375
3 0.43283355312499994 0.6777129265624999 0.43701071406249997 0.71286599375 0.4943028015625 0.6956950203125001 0.48781335625000005 0.6637867265625 0.43283355312499994 0.6777129265624999
3 0.4283204875 0.6465232921874999 0.43209644062499997 0.67785914375 0.4863761984375 0.66186241875 0.48076510937499994 0.633721190625 0.4283204875 0.6465232921874999
3 0.42544572187499996 0.6168767468749999 0.428104740625 0.6444706078125 0.4803107875 0.63169358125 0.47398396875 0.6036275812499999 0.42544572187499996 0.6168767468749999
3 0.4234296890625 0.5908105609375001 0.42573208124999995 0.6150113421875 0.47353891875 0.603983153125 0.4683736140625 0.5800832765624999 0.4234296890625 0.5908105609375001
3 0.42140769375 0.5663402578125 0.42377035 0.588819421875 0.46832627968749996 0.578990559375 0.464144171875 0.5575602671875 0.42140769375 0.5663402578125
3 0.41951575625000004 0.5482571046875 0.42126385624999996 0.5676041125 0.46332744843749996 0.557856484375 0.45991231250000003 0.5389383359375 0.41951575625000004 0.5482571046875
3 0.41402374531249997 0.5036810359375 0.4154476171875 0.5172282640625 0.45247445624999993 0.5097855421874999 0.44954322187500007 0.49411393124999997 0.41402374531249997 0.5036810359375
3 0.4168933109375 0.5334083 0.418974603125 0.5497484296875 0.4592564109375 0.5406953671875 0.45663377812499995 0.5252449671874999 0.4168933109375 0.5334083
3 0.45557258906250003 0.5236513703125001 0.452725940625 0.510015665625 0.415208134375 0.5173855609375 0.41684673125 0.5329757640625 0.45557258906250003 0.5236513703125001
0 0.4497725734375 0.7642792296875001 0.4564182671875 0.7972673828125 0.466054165625 0.794733278125 0.461177 0.7611245765625 0.4497725734375 0.7642792296875001
0 0.4446890296875 0.7194019218750001 0.45117657031249997 0.7508853656250001 0.46006439062500004 0.7482125515625 0.45520186875 0.7159063125 0.4446890296875 0.7194019218750001
0 0.4382172 0.67888095625 0.44429944218750006 0.7116609390625 0.45286939843749996 0.7080159687500001 0.4484430265625 0.6749808484375001 0.4382172 0.67888095625
0 0.4348678796875 0.644688034375 0.43956064531249994 0.6753862984375 0.44896952968750004 0.6738485375 0.444163628125 0.6424070125 0.4348678796875 0.644688034375
0 0.44001273437500005 0.6140521546875 0.431253778125 0.6156247578125 0.43553013281249997 0.6388646125 0.44272515468750007 0.6363697187499999 0.44001273437500005 0.6140521546875
0 0.42815368906250006 0.58790358125 0.43250451874999996 0.6141782734375 0.43959326875000004 0.61299855 0.436209753125 0.5866221890625 0.42815368906250006 0.58790358125
0 0.42541220625 0.5659205843749999 0.42900156718750004 0.5872766453125 0.43624177499999994 0.585211671875 0.432750734375 0.5636279421875 0.42541220625 0.5659205843749999
0 0.4227994796875 0.546325746875 0.42661602500000007 0.56635393125 0.43300983281249994 0.564377915625 0.43071203750000003 0.5448421031249999 0.4227994796875 0.546325746875
0 0.42066556874999994 0.528408221875 0.42341773437499997 0.5452882781249999 0.42992450781249997 0.54438705625 0.4276559984375 0.5274561640625001 0.42066556874999994 0.528408221875
0 0.4192541828125 0.51149039375 0.42158377500000005 0.5266762015625 0.42724415000000004 0.5258639374999999 0.42561745 0.5103869203125 0.4192541828125 0.51149039375
0 0.41676733437499996 0.4966416015625 0.41962576875 0.512206490625 0.42512004374999995 0.5109770218749999 0.42289672031250003 0.4944760453125 0.41676733437499996 0.4966416015625
0 0.4154478765625 0.4830043 0.41827597031249997 0.49727168437499997 0.42279317968749996 0.49600962812500005 0.42129956249999995 0.48179880468749997 0.4154478765625 0.4830043
2 0.44165832031249996 0.7455359359375 0.44986538749999994 0.7856036625 0.51130398125 0.7673068562500001 0.50358075 0.722790803125 0.44165832031249996 0.7455359359375
2 0.4291109875 0.640638828125 0.435169096875 0.671122675 0.4823978953125 0.6570255140625 0.4853816765625 0.6347245406249999 0.47766953125 0.624710571875 0.45584071249999997 0.6215925999999999 0.4291109875 0.640638828125
2 0.42489772343750004 0.615035090625 0.42812442031250003 0.636683315625 0.47741100468750003 0.624061209375 0.47537144375 0.60465608125 0.4672581625 0.5980669453125 0.43675799218750005 0.602963978125 0.42489772343750004 0.615035090625
2 0.46303252656250005 0.5741558421875 0.435946584375 0.5698990796875 0.4222623125 0.5845297734375 0.4254766359375 0.607870634375 0.4501427203125 0.6035867890625 0.47599789374999996 0.5961335609375 0.471147759375 0.5753325 0.46303252656250005 0.5741558421875
2 0.46866604375 0.575255071875 0.46637837656250003 0.5589204249999999 0.465861325 0.5576217 0.4395984984375 0.5539549593750001 0.41939963437500005 0.5645346234375 0.42379067499999995 0.5863987390625 0.46866604375 0.575255071875
2 0.463416725 0.5524663640624999 0.46095323437499996 0.5344588609375001 0.4468053 0.530195328125 0.42937337343750004 0.53270403125 0.418007365625 0.5440466625 0.4217179 0.5612465609374999 0.463416725 0.5524663640624999
2 0.4590866171875 0.5234922359375 0.4601969046875 0.5105213875 0.44458051562499995 0.5013381875 0.4274898203125 0.5034727593749999 0.41826625 0.5098544703125001 0.41823760312499997 0.5240647015625 0.43214980468749997 0.5297060796874999 0.4590866171875 0.5234922359375
2 0.4448914109375 0.4884513609375 0.4304602046875 0.4869237359375 0.42328400312500003 0.49106065781249997 0.424523240625 0.5119029703125 0.45620012499999996 0.5055291921875 0.45692164843749994 0.4942905421875 0.4448914109375 0.4884513609375
2 0.420624565625 0.5243507765625 0.42378393281250004 0.53996085 0.46080796093750004 0.5378693859375 0.4611252515625 0.5257508718749999 0.46128167343750004 0.5258629953125 0.4542300984375 0.5186330781249999 0.43220962500000004 0.5176048171875001 0.420624565625 0.5243507765625
2 0.44117623281249996 0.7151693109374999 0.4523628765625 0.7378424546875 0.5075141109375 0.7201213734375 0.5067709078125 0.6970958578124999 0.49726577812499995 0.6824440421875 0.4680588640625 0.6877496468750001 0.44117623281249996 0.7151693109374999