1 0.4330892390625 0.902201853125 0.43503551093750004 0.925587971875 0.5057998578125 0.9099217812499999 0.5016752125 0.8862227703125001 0.4330892390625 0.902201853125
3 0.4919335078125 0.847017040625 0.424957503125 0.861630578125 0.4282593265625 0.9062984875 0.499106996875 0.8876385359375 0.4919335078125 0.847017040625
3 0.421933925 0.8131045734375 0.4249128640625 0.8607788031249999 0.49210610781249997 0.8457268234375 0.48433594218750003 0.7983036921875 0.421933925 0.8131045734375
3 0.483527978125 0.7966378093750001 0.47785881718749995 0.7572186453125 0.41950702343749996 0.7713802078125 0.42234608749999997 0.8118018031249999 0.483527978125 0.7966378093750001
3 0.41765448125000004 0.736031590625 0.4199861453125 0.7713550984374999 0.478098378125 0.757206090625 0.473287775 0.7250018953125 0.41765448125000004 0.736031590625
3 0.4160920953125 0.706219503125 0.4182228828125 0.737710028125 0.4732654546875 0.724576009375 0.4691348546875 0.6961796859375 0.4160920953125 0.706219503125
3 0.4148585515625 0.678098409375 0.4160697765625 0.705793615625 0.4688729734375 0.695766353125 0.4640236875 0.667407696875 0.4148585515625 0.678098409375
3 0.4142380484375 0.652507528125 0.4152707140625 0.6767956374999999 0.463589203125 0.6682845796875 0.4596818015625 0.644147128125 0.4142380484375 0.652507528125
3 0.413250021875 0.629071190625 0.4144329703125 0.6516431984375 0.4594422390625 0.6441596828125 0.4563874390625 0.6225398875 0.413250021875 0.629071190625
3 0.41292030156250004 0.6108816640625 0.4136534625 0.6302936453125 0.456169559375 0.6227608140625 0.4537492046875 0.6036898578125001 0.41292030156250004 0.6108816640625
3 0.410823803125 0.5627444296874999 0.41153671562499994 0.5763476109375001 0.44890233437499993 0.5708529234374999 0.44679530625 0.5550493828125 0.410823803125 0.5627444296874999
3 0.4118841515625 0.5936873859375 0.41310741562500003 0.61011405 0.45380781875 0.60318158125 0.45199739218749996 0.587615096875 0.4118841515625 0.5936873859375
3 0.45129910781250004 0.5854069843749999 0.449169996875 0.5716409875 0.411317896875 0.57703725 0.41213831875 0.5926918453125001 0.45129910781250004 0.5854069843749999
0 0.42803629218749994 0.8262037171875001 0.4329464109375 0.8594944718749999 0.44270172968750005 0.8574681421875001 0.439590190625 0.82365025 0.42803629218749994 0.8262037171875001
0 0.4252512765625 0.7800316765625 0.4300822109375 0.8118115046875 0.4390977359375 0.8096075078125 0.43593265625 0.77709105625 0.4252512765625 0.7800316765625
0 0.42222117812500004 0.740798534375 0.42645031875 0.768064678125 0.43487008749999995 0.7661083421875 0.43263710624999996 0.73743895 0.42222117812500004 0.740798534375
0 0.42060883281250006 0.705387 0.42413739218749996 0.7285775140624999 0.43284523437500005 0.7274718375 0.43001122187499996 0.7035956046875 0.42060883281250006 0.705387
0 0.4282412703125 0.6744690671875 0.41941201406250006 0.67558110625 0.42246622812499995 0.69901291875 0.4297819625 0.6968980046875 0.4282412703125 0.6744690671875
0 0.41813073437500003 0.648809790625 0.4211004921875 0.6752761781250001 0.4282412703125 0.6744690671875 0.426242821875 0.647951775 0.41813073437500003 0.648809790625
0 0.41682155937500004 0.62615228125 0.41928831093749996 0.6476669265624999 0.42662666875 0.64598370625 0.42427001718749996 0.6242468484375 0.41682155937500004 0.62615228125
0 0.41545884062500005 0.6047962140625 0.4182219609375 0.6249966921875 0.42471042499999995 0.6233580109375 0.4234382015625 0.603728715625 0.41545884062500005 0.6047962140625
0 0.41485024531250003 0.5862143328125 0.41671520624999997 0.60321529375 0.423260228125 0.6026558453125 0.42188092343749994 0.5856294328125 0.41485024531250003 0.5862143328125
0 0.41435477187499997 0.5697909171875 0.415886409375 0.585077834375 0.4215815375 0.584562925 0.42076707031250005 0.569021984375 0.41435477187499997 0.5697909171875
0 0.41359686562500003 0.5553292078125 0.41563678125000003 0.571022365625 0.42118787187500006 0.5700821281249999 0.4198311890625 0.5534874078125 0.41359686562500003 0.5553292078125
0 0.41324242031249997 0.5405352875 0.4153199390625 0.55493113125 0.41989700937499996 0.55390721875 0.419149175 0.5396376968750001 0.41324242031249997 0.5405352875
2 0.4204203390625 0.761650121875 0.427513490625 0.8065321359375 0.48608308750000007 0.790158471875 0.485359828125 0.7637350609375 0.48100675312499996 0.7522026109375 0.44573148125 0.7460149109375 0.4204203390625 0.761650121875
2 0.41852514375 0.7254876421875001 0.42142220625000004 0.7555213140625 0.441896778125 0.756996415625 0.47717340156250004 0.7484833140625 0.4753868078125 0.7270158734375001 0.45356888125 0.7146346296874999 0.41852514375 0.7254876421875001
2 0.4186432671875 0.7003922031250001 0.4214501765625 0.7223942015625 0.444599140625 0.7202009671875 0.47366237031249997 0.715149653125 0.4748984765625 0.6966599546875 0.4620100046875 0.6863588640625 0.4186432671875 0.7003922031250001
2 0.41523738281250006 0.6396116671875001 0.42014434375 0.670128034375 0.46581054999999993 0.6642065953125 0.46737925156250004 0.6478555734375 0.462146546875 0.6363692234375 0.4333892625 0.630427959375 0.41523738281250006 0.6396116671875001
2 0.45261195781249997 0.5827702203125 0.432101184375 0.5763967734375 0.4116375484375 0.5835455296875 0.41214021093750003 0.6015520828125 0.42332788125 0.60643840625 0.45412673124999997 0.5948434390624999 0.45261195781249997 0.5827702203125
2 0.446080959375 0.5486147796874999 0.41563341875 0.54753138125 0.41556376093749997 0.5658948968749999 0.4219742078125 0.5737017734375 0.4522117375 0.5667183953125 0.4548116859375 0.5595257874999999 0.446080959375 0.5486147796874999
2 0.49772560937500004 0.6414318046874999 0.49139193593749997 0.614648603125 0.47589037031250003 0.5951931265625 0.463660146875 0.5999424390625 0.4641210703125 0.5999182828125 0.462568453125 0.62026753125 0.4730428 0.64080814375 0.4817011171875 0.65021443125 0.49772560937500004 0.6414318046874999
2 0.46428801875000003 0.544309809375 0.458351378125 0.5662582671874999 0.46220005000000003 0.5720821515625001 0.47425946406249997 0.5758323890625 0.4823470828125 0.5537712031249999 0.48044134375 0.53798544375 0.46975420625000003 0.5369021921875 0.46428801875000003 0.544309809375