1 0.4964910390625 0.8463919343749999 0.49361235625 0.8225095343750001 0.424284096875 0.8348772062500001 0.4250037671875 0.858333134375 0.4964910390625 0.8463919343749999
3 0.419246403125 0.8387154484374999 0.4909735640625 0.8237889484375 0.4859358703125 0.7828476921874999 0.4182868421875 0.7939359500000001 0.419246403125 0.8387154484374999
3 0.48530770624999997 0.78002506875 0.48003012187499994 0.7322602687499999 0.41693900624999997 0.7437749984375001 0.41741878593750004 0.791539796875 0.48530770624999997 0.78002506875
3 0.41646764843749995 0.7029323609375 0.4171873203125 0.7434471453125 0.47907898437499996 0.7315059453125 0.47548063125000006 0.691844103125 0.41646764843749995 0.7029323609375
3 0.4738783125 0.6940274625 0.470759740625 0.661615634375 0.4146254390625 0.6697185906249999 0.4151052203125 0.70511571875 0.4738783125 0.6940274625
3 0.4695316015625 0.65955164375 0.466892809375 0.6309780578125 0.4133973 0.6382280734375 0.41387708125 0.6697869578125 0.4695316015625 0.65955164375
3 0.46665291875000003 0.6289140671875 0.46329445625 0.6003404828125001 0.413637190625 0.6084434390625 0.4133973 0.63616408125 0.46665291875000003 0.6289140671875
3 0.46281467656249997 0.6006475859375 0.460175884375 0.5763387140625 0.4143568609375 0.5823093140625 0.41411697031249994 0.6066181859374999 0.46281467656249997 0.6006475859375
3 0.4602430296875 0.5752470359374999 0.4583239078125 0.5534969921874999 0.41490378593750005 0.55776170625 0.41490378593750005 0.5803646921875 0.4602430296875 0.5752470359374999
3 0.4574806953125 0.553706215625 0.456061753125 0.5345347234375 0.41491241562500003 0.539579853125 0.4146286265625 0.5590036015625001 0.4574806953125 0.553706215625
3 0.4517119390625 0.5047641640625 0.450434890625 0.48887200625 0.414109959375 0.4946739046875 0.414109959375 0.5082957546875 0.4517119390625 0.5047641640625
3 0.45522578437499994 0.53621356875 0.454232525 0.52057366875 0.413856459375 0.524538271875 0.4142183421875 0.5410064421875 0.45522578437499994 0.53621356875
3 0.413855346875 0.5084271578124999 0.413855346875 0.5241032359375 0.45334372500000003 0.5188778765625 0.451937990625 0.5050193140625 0.413855346875 0.5084271578124999
0 0.4354321078125 0.7895703921874999 0.434094725 0.755636 0.4224230234375 0.7575812843749999 0.425584109375 0.7910833890625 0.4354321078125 0.7895703921874999
0 0.4343378859375 0.7426784093750001 0.432878921875 0.710040875 0.4220582828125 0.7124184437500001 0.42521936875 0.7444075515625 0.4343378859375 0.7426784093750001
0 0.4313839953125 0.701949946875 0.43043498125 0.6686331140624999 0.4198575015625 0.6714429671875 0.4224799828125 0.7046791453125001 0.4313839953125 0.701949946875
0 0.431076959375 0.667562040625 0.42958391875 0.6357904015625 0.4201006625 0.6370872578125 0.42155887812500004 0.66810788125 0.431076959375 0.667562040625
0 0.4213680015625 0.6313649609375 0.4287843953125 0.6296358203125 0.4284196546875 0.6071569890624999 0.4195442984375 0.607805415625 0.4213680015625 0.6313649609375
0 0.42811261875 0.606065309375 0.42750471875 0.5794797671875 0.41935884375 0.5799120515625 0.4209393859375 0.60649759375 0.42811261875 0.606065309375
0 0.4276840046875 0.5780803234375 0.4264682015625 0.5562499187500001 0.41893022812499997 0.5577629171875 0.4202676109375 0.579377178125 0.4276840046875 0.5780803234375
0 0.42664748750000003 0.5570228671875 0.426404328125 0.5373538890625 0.41838003281249997 0.5380023171875 0.42008215625 0.5583197234374999 0.42664748750000003 0.5570228671875
0 0.425668678125 0.536819015625 0.42518235625 0.5197437484375 0.418130703125 0.5199598921875 0.4191033453125 0.5370351578125 0.425668678125 0.536819015625
0 0.42493919687500004 0.5181171953125 0.42493919687500004 0.5025549265625 0.41849544375000003 0.5029872125 0.41922492499999997 0.5183333390625 0.42493919687500004 0.5181171953125
0 0.4243828328125 0.5030898015624999 0.4238965109375 0.48644681875 0.41757433906249997 0.48795981718750003 0.4187901421875 0.503738228125 0.4243828328125 0.5030898015624999
0 0.423633234375 0.48796117812500006 0.423633234375 0.4736720765625 0.417687596875 0.47425930000000005 0.41900885 0.48874414374999997 0.423633234375 0.48796117812500006
2 0.48330088125000004 0.767024109375 0.4802731546875 0.721944621875 0.416312428125 0.7380924984375 0.42028631875 0.7787986015625 0.48330088125000004 0.767024109375
2 0.41479856406250004 0.632458475 0.4176370578125 0.663408571875 0.46608068593749996 0.6543253906250001 0.4713792078125 0.632458475 0.4647560546875 0.621693225 0.443372734375 0.6163106 0.41479856406250004 0.632458475
2 0.4132847 0.606554590625 0.414230865625 0.62842150625 0.464566821875 0.621020396875 0.464566821875 0.6015083796875 0.4571867390625 0.5941072703125 0.42634177187500005 0.595789340625 0.4132847 0.606554590625
2 0.4289910328125 0.5628207609375 0.4138524 0.5759409093750001 0.41460933125 0.5994898953125001 0.4395880765625 0.5978078250000001 0.46608068593749996 0.593098028125 0.463431425 0.571903940625 0.4554836421875 0.56988545625 0.4289910328125 0.5628207609375
2 0.46097139687500005 0.5715675265625 0.4604036984375 0.5550832359375 0.4600252328125 0.5537375796874999 0.43428955468749997 0.5473457125000001 0.4130954671875 0.5557560640625 0.41517702968750003 0.5779593937499999 0.46097139687500005 0.5715675265625
2 0.458132903125 0.5483549546875001 0.45756520468749995 0.5301885937499999 0.44394043437499997 0.5244695546875 0.42634177187500005 0.5251423828124999 0.4138524 0.53523480625 0.41574472812499996 0.5527283374999999 0.458132903125 0.5483549546875001
2 0.45931516562499997 0.50630319375 0.44474423124999996 0.49553794375000004 0.4275240359375 0.49587435781250006 0.41768392343749994 0.5012569828125 0.416170059375 0.5153863750000001 0.42941636406250006 0.5224510703125 0.4568551375 0.5190869296875 0.45931516562499997 0.50630319375
2 0.44640046250000004 0.482754209375 0.4322079921875 0.47972648125 0.4246386765625 0.4830906234375 0.4236925109375 0.5039482953125 0.45586210781250003 0.50092056875 0.45775443750000006 0.4898189046875 0.44640046250000004 0.482754209375
2 0.42002440625000004 0.5317751921875 0.45706422968749993 0.53356525 0.4586465125 0.5215462875 0.4587903578125 0.5216741484375 0.45253314375000003 0.513746746875 0.4307407828125 0.510422353125 0.41851404375 0.5159203890625 0.42002440625000004 0.5317751921875