1 0.4301400421875 0.8361476281250001 0.431268965625 0.8595874234374999 0.5025369468750001 0.8464004171875 0.499241896875 0.82257189375 0.4301400421875 0.8361476281250001
3 0.4908743859375 0.783050065625 0.42342917656249995 0.7953172734375 0.42517010156249996 0.8400732046874999 0.4966258359375 0.8238971671875 0.4908743859375 0.783050065625
3 0.4212061171875 0.7451874843749999 0.422519434375 0.792936634375 0.49019705468749997 0.7802388359375 0.4840866640625 0.7325734171875 0.4212061171875 0.7451874843749999
3 0.48312250625 0.7318358078125 0.47883250625 0.69224280625 0.420022028125 0.70435929375 0.421448671875 0.7448553484375 0.48312250625 0.7318358078125
3 0.41760044062499996 0.6711827328125 0.4186979125 0.7065660968749999 0.4772685375 0.694453796875 0.47358477656250003 0.6621013328124999 0.41760044062499996 0.6711827328125
3 0.41582290312500003 0.639718446875 0.41685338906249997 0.6712641500000001 0.47232080156249995 0.660059090625 0.46918373437499994 0.6315359093749999 0.41582290312500003 0.639718446875
3 0.41554294374999995 0.6099341609375 0.41578688125 0.6376547687499999 0.4689078578125 0.6294764203125001 0.4650512296875 0.6009658 0.41554294374999995 0.6099341609375
3 0.4158064 0.58379145625 0.4159907953125 0.6081008125 0.4645768828125 0.6012812296875001 0.46151424375000005 0.5770221140625 0.4158064 0.58379145625
3 0.4159248265625 0.5592380421875001 0.416319303125 0.5818375859375 0.46156232656249996 0.5759294296874999 0.45926390625 0.5542161921875 0.4159248265625 0.5592380421875001
3 0.4156161390625 0.5410588078125 0.41567138437500006 0.5604845515625 0.4584244734375 0.5544401 0.456671159375 0.5352962921875 0.4156161390625 0.5410588078125
3 0.41403008750000003 0.49617370312500003 0.41426782187500005 0.5097934796875 0.45180243906250006 0.50560618125 0.4502482296875 0.48973873125 0.41403008750000003 0.49617370312500003
3 0.41429783125 0.526037946875 0.41494706875 0.54249729375 0.4558646171875 0.5369894703125 0.45459855625 0.5213692875 0.41429783125 0.526037946875
3 0.4536802953125 0.5196892656250001 0.452032909375 0.505857346875 0.414015540625 0.50992930625 0.4142891265625 0.525602996875 0.4536802953125 0.5196892656250001
0 0.42693025156250003 0.7588959578125001 0.43067554843750006 0.7923377921875 0.44049564218750004 0.7906531546875 0.4385662265625 0.7567472703125 0.42693025156250003 0.7588959578125001
0 0.42577736718750003 0.7137463625 0.4294962578125 0.7456754296875 0.43858320937500006 0.7437874109375 0.4365548640625 0.711180309375 0.42577736718750003 0.7137463625
0 0.4228618 0.672815534375 0.42606393281250005 0.7060008828125001 0.4349189578125 0.703116703125 0.43338862968749997 0.6698215078125 0.4228618 0.672815534375
0 0.422505334375 0.6384608140625 0.4245047125 0.6694512640625 0.4340118171875 0.66873939375 0.4319645125 0.63699865 0.422505334375 0.6384608140625
0 0.4303007046875 0.6083899171875 0.421438015625 0.6091931421875 0.4236726125 0.6327172703125 0.4310576984375 0.630858959375 0.4303007046875 0.6083899171875
0 0.4207657828125 0.5813072625 0.42281006718749997 0.607861171875 0.4299746625 0.6073037625000001 0.4289028734375 0.5807328796875 0.4207657828125 0.5813072625
0 0.41995067812500003 0.5591689828125 0.4216650765625 0.5807566109375 0.42905770781249997 0.5793305203125 0.427461096875 0.5575246578125 0.41995067812500003 0.5591689828125
0 0.41905569531250003 0.5394209937500001 0.421112146875 0.5597056 0.4276538453125 0.5582943609375 0.427067453125 0.5386326218749999 0.41905569531250003 0.5394209937500001
0 0.4184915203125 0.52138566875 0.41976201875 0.5384413578125 0.4263225796875 0.53811066875 0.4255383265625 0.5210464890625001 0.4184915203125 0.52138566875
0 0.41855999062500004 0.5044092078125 0.41955718906249995 0.5197402656250001 0.42526681718750003 0.519424428125 0.42499521875 0.5038645296875 0.41855999062500004 0.5044092078125
0 0.4173767625 0.4894001765625 0.4188677515625 0.505154965625 0.42444827343749997 0.5044090328124999 0.423671565625 0.48777707187499997 0.4173767625 0.4894001765625
0 0.417250896875 0.4756997703125 0.41882474375 0.4901593484375 0.42343475937499997 0.4892957953125 0.4231853796875 0.4750088703125 0.417250896875 0.4756997703125
2 0.42048046093749997 0.7395167859375 0.42516416562500003 0.780147334375 0.48796363749999994 0.7672748796875 0.48414962656249994 0.7222551 0.42048046093749997 0.7395167859375
2 0.417123259375 0.6339252703125 0.420501475 0.664821115625 0.46877920156249997 0.654893859375 0.4736952859375 0.632937803125 0.46688526250000006 0.6222897828125 0.445411259375 0.6172811671875 0.417123259375 0.6339252703125
2 0.415157540625 0.608051753125 0.41648519375 0.6298988249999999 0.46668431562499996 0.621620359375 0.46634378437499996 0.6021113140625001 0.4588356578125 0.59484013125 0.4280247453125 0.5970602640625 0.415157540625 0.608051753125
2 0.4567100921875 0.5706517296875 0.43009822187499996 0.5640504703125 0.415190871875 0.5774328265625 0.416358675 0.600965015625 0.441304259375 0.5988472625 0.4677106359375 0.593675821875 0.464691890625 0.5725311984375 0.4567100921875 0.5706517296875
2 0.46222636718750004 0.57223776875 0.46137106406250006 0.555765896875 0.460969171875 0.5544270515624999 0.435125859375 0.54848530625 0.41408178125 0.557264265625 0.416550528125 0.579427884375 0.46222636718750004 0.57223776875
2 0.458983190625 0.549078271875 0.45809853125 0.5309245859375 0.44437602500000006 0.5254442015625 0.4267917859375 0.5264240671875 0.41448045312500004 0.5367329234375 0.416677796875 0.5541907640625 0.458983190625 0.549078271875
2 0.45719482187500005 0.5198370046874999 0.45943136874999996 0.50701228125 0.4446747734375 0.49650296875000005 0.427463071875 0.497139865625 0.41771839843749997 0.5026934046875 0.41645135624999996 0.516847065625 0.42981893906249996 0.5236795046875 0.45719482187500005 0.5198370046874999
2 0.4461076453125 0.4836922765625 0.43186449531250004 0.480912703125 0.42435504531249996 0.48440843593749994 0.423773040625 0.50527944375 0.45588489687499995 0.501690740625 0.45758318750000004 0.4905577421875 0.4461076453125 0.4836922765625
2 0.41880430312500005 0.5173400906250001 0.420591140625 0.53316611875 0.4576565640625 0.5343094703125 0.4590288453125 0.5222647234375 0.4591749 0.5223900546875 0.4527802875 0.5145730640624999 0.4309332265625 0.51162950625 0.41880430312500005 0.5173400906250001
2 0.4226468328125 0.709223696875 0.43181481406250005 0.73278554375 0.48830067499999996 0.71993864375 0.48956710625 0.696935971875 0.4813751359375 0.681511484375 0.45181695 0.6842513484375 0.4226468328125 0.709223696875