1 0.38403720625000004 0.8231536343749999 0.3818929546875 0.84652243125 0.4543026375 0.8433823468750001 0.45435594375 0.8193271390625 0.38403720625000004 0.8231536343749999
3 0.4515702390625 0.7790254015625 0.3830741390625 0.7817866671875 0.3785692984375 0.8263493265624999 0.4515808984375 0.820275428125 0.4515702390625 0.7790254015625
3 0.38784943125 0.7318353484375 0.38250457031249996 0.779302584375 0.4512907484375 0.7761472640625 0.45187356718749994 0.7280953203125 0.38784943125 0.7318353484375
3 0.4510214484375 0.7272307046875001 0.45228347968750005 0.6874259671875 0.3923590515625 0.6912397015625 0.38813585 0.7315402 0.4510214484375 0.7272307046875001
3 0.394578315625 0.6580489921875 0.3907406953125 0.693240746875 0.45042702031250004 0.689397778125 0.4512817015625 0.656847484375 0.394578315625 0.6580489921875
3 0.397197059375 0.626643528125 0.39382720312499997 0.6580256484375 0.45031425468749997 0.65464920625 0.451177375 0.625967015625 0.397197059375 0.626643528125
3 0.4010649953125 0.5971101390625 0.397448596875 0.6245949203125 0.451190809375 0.623889175 0.451339625 0.5951192796875 0.4010649953125 0.5971101390625
3 0.40496425 0.5712585203125 0.40176364062500003 0.5953569609375 0.4508259953125 0.5953656234375 0.451169378125 0.5709163578124999 0.40496425 0.5712585203125
3 0.4084986984375 0.5469605390625001 0.4057440875 0.569395046875 0.45136906562499995 0.569841 0.4521149125 0.5480191953125 0.4084986984375 0.5469605390625001
3 0.41072307500000005 0.5289152625 0.4080742421875 0.54815964375 0.45125248593749995 0.5481240984375 0.4521805375 0.52892258125 0.41072307500000005 0.5289152625
3 0.4153992578125 0.4842462421875 0.413739171875 0.49776655625000005 0.45149126562499997 0.49884381875 0.452160503125 0.48291448593749997 0.4153992578125 0.4842462421875
3 0.411508096875 0.5138571109375001 0.40986031718750005 0.5302466328125 0.4511462 0.530487034375 0.45206636875 0.5148426640625 0.411508096875 0.5138571109375001
3 0.451390859375 0.51305119375 0.4516845375 0.499124615625 0.41347044374999997 0.49786595 0.41156001093750005 0.5134251812499999 0.451390859375 0.51305119375
0 0.3916100078125 0.7462070578125 0.390664653125 0.77984468125 0.4006236328125 0.77954313125 0.40343178125 0.7456986953125 0.3916100078125 0.7462070578125
0 0.3967519515625 0.701336403125 0.395990984375 0.7334723078125001 0.4052522625 0.7328673218749999 0.4077816890625 0.7002952609374999 0.3967519515625 0.701336403125
0 0.3995612296875 0.6603981437499999 0.39811369218750003 0.693706184375 0.407283940625 0.6920824546875 0.41040230156249996 0.6588983046875 0.3995612296875 0.6603981437499999
0 0.4039894859375 0.62632815 0.40165636875 0.6572952625 0.411170025 0.657913453125 0.413560103125 0.6261966796875 0.4039894859375 0.62632815
0 0.4158940515625 0.5976348078125 0.40700582812499997 0.5971967671875 0.4059447515625 0.62080295625 0.41351659375 0.6199905359375 0.4158940515625 0.5976348078125
0 0.41022110156249997 0.5694887140625 0.4085499 0.5960687109375 0.415722346875 0.596513846875 0.418358940625 0.570052384375 0.41022110156249997 0.5694887140625
0 0.41249498124999995 0.547452440625 0.41118827968750005 0.569068578125 0.41870743906249996 0.568685221875 0.42016115625 0.54686936875 0.41249498124999995 0.547452440625
0 0.41435709843749996 0.52777208125 0.413570465625 0.54814548125 0.42024490625000005 0.5476584046874999 0.4224006046875 0.528106403125 0.41435709843749996 0.52777208125
0 0.4163084453125 0.50983375625 0.41519288593750003 0.52690028125 0.4217356234375 0.5274858625000001 0.42333387812499995 0.5104786046875 0.4163084453125 0.50983375625
0 0.4187389171875 0.4930320390625 0.4175927375 0.5083526796875 0.42329075781250003 0.5088345421875 0.425187321875 0.49338827187499995 0.4187389171875 0.4930320390625
0 0.41965605625 0.4780044015625 0.4189398921875 0.49381337187499996 0.42456992031249996 0.49385135625 0.4261154921875 0.477273159375 0.41965605625 0.4780044015625
0 0.42143814375 0.464419809375 0.42098428906249996 0.47895770468750004 0.42566962343750003 0.4787441453125 0.427411028125 0.46456155312499997 0.42143814375 0.464419809375
2 0.38792004687500004 0.72611884375 0.386903490625 0.767005825 0.4508833015625 0.7629986421875 0.45337195 0.7178861828125 0.38792004687500004 0.72611884375
2 0.39929101562499997 0.62108770625 0.3983364828125 0.65215303125 0.44752598125 0.6490413484374999 0.45544991562500003 0.627983153125 0.450188084375 0.6164909859375001 0.4296201296875 0.6085425109375 0.39929101562499997 0.62108770625
2 0.400945325 0.5951924125 0.39921953125 0.61701164375 0.45008225937499996 0.6158001109375 0.45246017656250004 0.5964335328125 0.446037071875 0.588188184375 0.415217025 0.5860986609375 0.400945325 0.5951924125
2 0.447298565625 0.5639393609375001 0.4218643984375 0.5536986890625 0.4052396625 0.5648761062500001 0.4031210515625 0.5883418078125 0.428118603125 0.5897164187499999 0.4549877203125 0.588270365625 0.45494111562499995 0.566911390625 0.447298565625 0.5639393609375001
2 0.4525404234375 0.5662776828125 0.4539858859375 0.549847078125 0.453774234375 0.5484653296875 0.429009359375 0.538984715625 0.40694828593750004 0.54474946875 0.4063084265625 0.5670409765625 0.4525404234375 0.5662776828125
2 0.4525519875 0.5428922078125 0.45420244375 0.524792071875 0.4413762046875 0.5174552203125 0.4238267234375 0.5159782953125001 0.41020048906250006 0.5244734203125 0.4099467859375 0.5420671734375 0.4525519875 0.5428922078125
2 0.4553675734375 0.5137500968750001 0.45936720937500003 0.50136145 0.4462168375 0.4889006921875 0.429084 0.48713598437499994 0.41866125781249997 0.49127928125000003 0.41543673906249995 0.5051188609375 0.42772333749999997 0.513745215625 0.4553675734375 0.5137500968750001
2 0.44890171875 0.4763506171875 0.43518402343749996 0.47161582968750004 0.42726114375 0.474032428125 0.42378011875 0.494619321875 0.456078915625 0.4955346515625 0.4593100921875 0.4847463546875 0.44890171875 0.4763506171875