1 0.41909335625 0.899621690625 0.4202222796875 0.9230614859375 0.4914902609375 0.9098744796875 0.48819521093749996 0.8860459578125001 0.41909335625 0.899621690625
3 0.4798277015625 0.84652413125 0.4123824921875 0.8587913359374999 0.4141234171875 0.90354726875 0.48557915156250003 0.8873712312500001 0.4798277015625 0.84652413125
3 0.4110542890625 0.8101893718750001 0.41236760625 0.8579385234375 0.480045225 0.8452407234375 0.47393483593749997 0.79757530625 0.4110542890625 0.8101893718750001
3 0.473185503125 0.795882240625 0.468895503125 0.7562892390625 0.410085025 0.7684057265625001 0.41151166562499997 0.8089017796875 0.473185503125 0.795882240625
3 0.40946725937500006 0.7330139890625 0.41056473125000004 0.768397353125 0.4691353578125 0.7562850515624999 0.46545159375 0.7239325875 0.40946725937500006 0.7330139890625
3 0.408946253125 0.7031655359375 0.4099767390625 0.7347112421875 0.46544415156249996 0.72350618125 0.462307084375 0.6949830015625 0.408946253125 0.7031655359375
3 0.40869487187500003 0.675018521875 0.4089388109375 0.7027391296875 0.4620597875 0.69456078125 0.458203159375 0.6660501609375 0.40869487187500003 0.675018521875
3 0.40896785625 0.6494215750000001 0.40915225 0.6737309296875 0.45773833750000004 0.666911346875 0.4546757 0.6426522328125001 0.40896785625 0.6494215750000001
3 0.4087983484375 0.6259650328124999 0.409192825 0.648564575 0.4544358453125 0.64265641875 0.452137425 0.6209431828125 0.4087983484375 0.6259650328124999
3 0.40910363437499997 0.6077750796875 0.40915887968750003 0.627200821875 0.45191197031249997 0.621156371875 0.4501586546875 0.6020125640625 0.40910363437499997 0.6077750796875
3 0.40868837812500003 0.559594003125 0.4089261125 0.573213778125 0.4464607296875 0.569026478125 0.444906521875 0.55315903125 0.40868837812500003 0.559594003125
3 0.4086681859375 0.590555115625 0.4093174234375 0.6070144640625 0.45023497343749996 0.6015066421874999 0.4489689109375 0.5858864578125 0.4086681859375 0.590555115625
3 0.44834811406249997 0.5836553203125 0.4467007265625 0.569823403125 0.4086833578125 0.5738953609374999 0.40895694374999997 0.5895690515625 0.44834811406249997 0.5836553203125
0 0.41669578593749995 0.8234935046875 0.4204410828125 0.856935340625 0.43026117499999994 0.8552507015625 0.42833175937499995 0.8213448187499999 0.41669578593749995 0.8234935046875
0 0.41552384687500005 0.7772523953125 0.41924273906250004 0.8091814625 0.4283296890625 0.8072934453125 0.42630134531249997 0.7746863421875 0.41552384687500005 0.7772523953125
0 0.41386481093749994 0.7379374046875 0.41713980156249997 0.765334534375 0.425622715625 0.7636732359375 0.42439164218750003 0.734943378125 0.41386481093749994 0.7379374046875
0 0.41348929375 0.702491171875 0.416206365625 0.725790703125 0.424947490625 0.7249896 0.4229484734375 0.70102900625 0.41348929375 0.702491171875
0 0.42219610156250004 0.6718584421875 0.4133334140625 0.6726616671875 0.415568009375 0.696185796875 0.42295309531249997 0.6943274859375 0.42219610156250004 0.6718584421875
0 0.4129872203125 0.6458619437500001 0.4150315046875 0.6724158515624999 0.42219610156250004 0.6718584421875 0.4211243109375 0.6452875578125 0.4129872203125 0.6458619437500001
0 0.41246957812499996 0.623172546875 0.41418397812499996 0.6447601749999999 0.4215766078125 0.643334084375 0.419979996875 0.6215282234374999 0.41246957812499996 0.623172546875
0 0.41185300468749997 0.60178193125 0.41390945625000003 0.622066534375 0.42045115624999996 0.620655296875 0.41986476093749997 0.6009935578125 0.41185300468749997 0.60178193125
0 0.4118932796875 0.5831901312500001 0.41316377812500005 0.6002458203125001 0.4197243390625 0.5999151296874999 0.41894008749999995 0.582850953125 0.4118932796875 0.5831901312500001
0 0.4119712765625 0.566759428125 0.4129684765625 0.5820904859375 0.418678103125 0.581774646875 0.4184065046875 0.5662147484375 0.4119712765625 0.566759428125
0 0.4117185390625 0.5522800765625 0.413209528125 0.5680348656249999 0.41879004999999997 0.5672889328124999 0.4180133421875 0.5506569734375 0.4117185390625 0.5522800765625
0 0.411880609375 0.5374827984375 0.41345445468750003 0.5519423765625 0.4180644703125 0.551078825 0.4178150921875 0.5367918984375 0.411880609375 0.5374827984375
2 0.41133735937499993 0.7587134421874999 0.4168598296875 0.8038156624999999 0.47596518125 0.7894960234374999 0.47616452656249997 0.7630634656249999 0.472216578125 0.751386121875 0.4371787421875 0.7439711015625 0.41133735937499993 0.7587134421874999
2 0.4107053703125 0.72250685 0.4125525078125 0.7526233328124999 0.4329631265625 0.7548120875000001 0.46851536562499996 0.7475353078125 0.4674790625 0.72601859375 0.446106525 0.7128834578125 0.4107053703125 0.72250685
2 0.41169924062499996 0.6974308203125 0.41373658124999996 0.719517375 0.43694798593749995 0.718133365625 0.46616979843750006 0.7140994187499999 0.468050434375 0.6956641234375 0.4555293171875 0.6849195078125 0.41169924062499996 0.6974308203125
2 0.4104166421875 0.6365684468749999 0.4142556078125 0.6672374750000001 0.46010065000000006 0.6629133703125001 0.4622390375 0.64662705625 0.4574103890625 0.634965084375 0.42887797031249997 0.628023825 0.4104166421875 0.6365684468749999
2 0.45549834218749996 0.6011300875 0.44384426093749996 0.589587253125 0.42627542343749997 0.5861742703124999 0.4112883015625 0.598182128125 0.4116606625 0.6195146609375 0.425782621875 0.6210300984375 0.45323961874999996 0.6168311890625 0.45549834218749996 0.6011300875
2 0.44975218593750005 0.5810659796875 0.42947633749999997 0.5739806 0.40877567968750006 0.58041083125 0.408649615625 0.5984239578125 0.4185370046875 0.597076746875 0.45084468749999995 0.5931847078125 0.44975218593750005 0.5810659796875
2 0.444417175 0.5467034171875 0.423552540625 0.5437395046875 0.41331549843750004 0.5629079734375 0.42189550000000003 0.56236666875 0.4499124109375 0.565009965625 0.45276179375 0.5579124765625 0.444417175 0.5467034171875