1 0.41241494375 0.8974307484375 0.4126932265625 0.9221669875 0.4842118765625 0.90930414375 0.480872484375 0.886546803125 0.41241494375 0.8974307484375
3 0.4060144421875 0.858347490625 0.4065710078125 0.9112830421875 0.4805942015625 0.892978225 0.47391541718749997 0.8444951968750001 0.4060144421875 0.858347490625
3 0.40573615937499996 0.8088750140625001 0.4060144421875 0.8573580421875 0.4736371359375 0.8444951968750001 0.4683497640625 0.79700161875 0.40573615937499996 0.8088750140625001
3 0.40517959374999996 0.7663286828125 0.4054578765625 0.8083802890625 0.468628046875 0.79799106875 0.4652886546875 0.7569289109375 0.40517959374999996 0.7663286828125
3 0.40573615937499996 0.7341715718749999 0.40573615937499996 0.7658339578125 0.4647320890625 0.7584130859375 0.4616709796875 0.7257612499999999 0.40573615937499996 0.7341715718749999
3 0.40573615937499996 0.7010250109375 0.4060144421875 0.733182121875 0.4622275453125 0.725266525 0.45888815312500003 0.6936041390625001 0.40573615937499996 0.7010250109375
3 0.40631398750000003 0.67358573125 0.4059795734375 0.7015279453125001 0.458482696875 0.69409650625 0.45480413437499995 0.667343321875 0.40631398750000003 0.67358573125
3 0.4064811953125 0.6474270609375 0.4064811953125 0.674180246875 0.45480413437499995 0.66674880625 0.45246323125 0.6438599703125 0.4064811953125 0.6474270609375
3 0.406815609375 0.626321771875 0.406815609375 0.6474270609375 0.45246323125 0.6429681984375 0.44995511875 0.6206738765625001 0.406815609375 0.626321771875
3 0.40698281718749996 0.601054875 0.40715002499999997 0.6260245140625 0.45028953437499997 0.6203766203125001 0.4474470078125 0.5977850421875 0.40698281718749996 0.601054875
3 0.4472798015625 0.592457265625 0.44610934999999996 0.5758108390625 0.40715002499999997 0.5805669609375 0.40765164687500005 0.5948353265625 0.4472798015625 0.592457265625
3 0.44613553437500003 0.5764320890625 0.4458594578125 0.561927928125 0.4441768171875 0.5595569859375 0.4074017546875 0.56549501875 0.4079033765625 0.5794661265625 0.44613553437500003 0.5764320890625
3 0.40711185937499994 0.5651820203125 0.44538218125 0.55902126875 0.4447795 0.546164046875 0.40801588281249995 0.5515212218750001 0.4072625296875 0.5622355734375 0.40711185937499994 0.5651820203125
0 0.4110130515625 0.8208945046875 0.413922878125 0.8574289984375 0.424652865625 0.8548424859375 0.4230160875 0.8192779343750001 0.4110130515625 0.8208945046875
0 0.41083118750000003 0.77563053125 0.4133772859375 0.8031122296875 0.413922878125 0.8086085687500001 0.42210676718749995 0.8066686843750001 0.4217430390625 0.7740139593750001 0.4110130515625 0.7749839015625 0.41083118750000003 0.77563053125
0 0.41010373125 0.7355395812500001 0.4121042375 0.759464825 0.42101558125 0.7555850562499999 0.41956066875 0.733599696875 0.41010373125 0.7355395812500001
0 0.4190150765625 0.6999750312499999 0.40992186718749996 0.701914915625 0.4115586453125 0.7264867875000001 0.41992439687500005 0.7239002734375 0.4190150765625 0.6999750312499999
0 0.4188332109375 0.671200075 0.41010373125 0.670553446875 0.4121042375 0.6938320625000001 0.4197425328125 0.6915688640625001 0.4188332109375 0.671200075
0 0.41810575468750005 0.6437183765625 0.40974000312500003 0.6450116328125 0.41174050937500006 0.6695835046874999 0.4188332109375 0.6695835046874999 0.41810575468750005 0.6437183765625
0 0.40992186718749996 0.6207630749999999 0.411194915625 0.640161921875 0.41810575468750005 0.6395152937499999 0.41756016249999994 0.62205633125 0.41010373125 0.621409703125 0.40992186718749996 0.6207630749999999
0 0.4106493234375 0.6007176015625 0.41137677968749997 0.617529934375 0.4177420265625 0.6194698187500001 0.4177420265625 0.599747659375 0.4106493234375 0.6007176015625
0 0.41028559531250003 0.5813187546874999 0.411194915625 0.5978077749999999 0.417923890625 0.5974844609375001 0.4177420265625 0.5822886984375 0.41028559531250003 0.5813187546874999
0 0.41810575468750005 0.5790555562499999 0.417196434375 0.5638597937500001 0.4110130515625 0.564506421875 0.4110130515625 0.5648297359375001 0.4115586453125 0.5793788703125 0.41810575468750005 0.5790555562499999
0 0.41046745937500007 0.5499572875000001 0.4119223734375 0.5654763640625 0.417923890625 0.563213165625 0.41683270625 0.548017403125 0.41046745937500007 0.5499572875000001
0 0.4173782984375 0.53346826875 0.41028559531250003 0.5357314671875 0.4115586453125 0.5499572875000001 0.417196434375 0.5499572875000001 0.4173782984375 0.53346826875
2 0.4115586453125 0.80084903125 0.470300775 0.786623209375 0.4732106015625 0.7633445937500001 0.46520857812500005 0.7491187734375 0.43029065468749994 0.7442690625 0.405738990625 0.761404709375 0.4115586453125 0.80084903125
2 0.459388925 0.752351915625 0.46193502343750004 0.7420058640625 0.4657541703125 0.7287499859375 0.451750628125 0.7161407359374999 0.43029065468749994 0.7106443953125 0.4075576328125 0.722283703125 0.40719390468750005 0.7232536453125 0.4095581390625 0.7584948828125 0.459388925 0.752351915625
2 0.411194915625 0.694478690625 0.40919440937499996 0.7232536453125 0.433746075 0.7193738765625 0.45920706093749997 0.7190505625 0.46611789843749996 0.7067646265625 0.46066197343750004 0.6915688640625001 0.44338487656250003 0.6828393828125 0.4242891375 0.6870424671875 0.42319795156250006 0.6870424671875 0.411194915625 0.694478690625
2 0.4075576328125 0.5958678890625 0.407012040625 0.6126802234375 0.4282901484375 0.616236678125 0.44338487656250003 0.6178532484375 0.4492045296875 0.6100937109375 0.4504775796875 0.5978077749999999 0.4402931859375 0.5916648062500001 0.4299269265625 0.5874617234375 0.4297450625 0.5874617234375 0.4075576328125 0.5958678890625
2 0.43392793906250005 0.5926347484375001 0.4486589375 0.5945746328125 0.449022665625 0.5868150953125 0.4464765671875 0.5780856140624999 0.43392793906250005 0.575822415625 0.4248347296875 0.573235903125 0.40937627499999996 0.5839052687499999 0.409012546875 0.594897946875 0.43392793906250005 0.5926347484375001
2 0.4217430390625 0.580995440625 0.4352009875 0.5790555562499999 0.4499319875 0.5774389859375 0.4484770734375 0.5651530499999999 0.4390201359375 0.55868676875 0.4264715078125 0.5548069984375 0.41264982968749997 0.560626653125 0.41083118750000003 0.5767923578125 0.4217430390625 0.580995440625
2 0.42538032187499997 0.5648297359375001 0.4370196296875 0.5651530499999999 0.4486589375 0.5593333968749999 0.4486589375 0.5515738578125 0.4390201359375 0.548017403125 0.4311999765625 0.5434910046875 0.4190150765625 0.5457542046875 0.4115586453125 0.5615965953125001 0.42538032187499997 0.5648297359375001