1 0.36463316562500003 0.8837944265625 0.361894784375 0.9083802000000001 0.43444793125 0.9043291640625 0.433906853125 0.8813344843750001 0.36463316562500003 0.8837944265625
3 0.3630434234375 0.8442224640625 0.35714461875 0.8968312703124999 0.43284685156249997 0.887684053125 0.43212644375 0.8387484703125001 0.3630434234375 0.8442224640625
3 0.36879639218750004 0.795084834375 0.36316400625 0.843240390625 0.43185023749999996 0.83871455625 0.43239028749999997 0.7909306203125 0.36879639218750004 0.795084834375
3 0.37342906875000004 0.7527878078125 0.3685804765625 0.7945598828125 0.4325459125 0.7919466093749999 0.43423562968749996 0.750783553125 0.37342906875000004 0.7527878078125
3 0.3779004515625 0.7209382203125 0.374041778125 0.7523646 0.43350233749999995 0.7521888375 0.434443303125 0.7194073265625 0.3779004515625 0.7209382203125
3 0.38194000156249996 0.688038728125 0.37829724374999996 0.7199900593749999 0.43505601250000003 0.71898411875 0.43560018593749994 0.68715076875 0.38194000156249996 0.688038728125
3 0.3858575296875 0.6608743968749999 0.38212030937499997 0.6885675796874999 0.435137746875 0.687590053125 0.43474699687499996 0.6605879796874999 0.3858575296875 0.6608743968749999
3 0.38921143125 0.6349310859374999 0.38595103750000004 0.6614848578125 0.43481945 0.6599978953125001 0.43528544374999995 0.636994384375 0.38921143125 0.6349310859374999
3 0.392115440625 0.61402386875 0.389543353125 0.6349718421875 0.43539412187500004 0.6361092609375001 0.4356217 0.6136754546875001 0.392115440625 0.61402386875
3 0.3953606625 0.588965684375 0.392483590625 0.6137695812499999 0.4359898484375 0.61342116875 0.43592173125 0.59065156875 0.3953606625 0.588965684375
3 0.4364050640625 0.5853431265625 0.43727202500000006 0.5686781390625 0.398023471875 0.5686508609375001 0.396782478125 0.5828740046875 0.4364050640625 0.5853431265625
3 0.437222303125 0.5692979484375 0.43871589687499996 0.5548682546875 0.43733474375 0.5523099218749999 0.4001101328125 0.5537219421875 0.398905365625 0.5676500437499999 0.437222303125 0.5692979484375
3 0.39986054375 0.5533759468749999 0.4385964109375 0.5519250953125 0.43956512343750004 0.5390902609375 0.4024226609375 0.539927146875 0.400369171875 0.550469825 0.39986054375 0.5533759468749999
0 0.37256914375 0.807657825 0.371004846875 0.8442746140624999 0.3819700703125 0.8430150375000001 0.384679721875 0.8075161062499999 0.37256914375 0.807657825
0 0.37790492656249997 0.762709078125 0.3770828703125 0.7902962234375 0.3769545609375 0.795818084375 0.38531386093750003 0.7948900250000001 0.388932453125 0.7624343765625 0.3781642390625 0.7620894328125 0.37790492656249997 0.762709078125
0 0.38206875 0.72282830625 0.381138590625 0.7468190140625001 0.3904563359375 0.744054184375 0.39169160937499997 0.7220553921875 0.38206875 0.72282830625
0 0.3952479 0.68861486875 0.3859860578125 0.689432109375 0.384616078125 0.7140202999999999 0.3932346890625 0.71247259375 0.3952479 0.68861486875
0 0.398574175 0.6600322328125 0.38998856718749997 0.65832656875 0.3891372125 0.68167546875 0.3969943875 0.6803600140625 0.398574175 0.6600322328125
0 0.4012013171875 0.6326667234375 0.392740315625 0.6329308109375 0.3917313515625 0.657563328125 0.3987711859375 0.6584277109375 0.4012013171875 0.6326667234375
0 0.3958759796875 0.6088851625 0.3947754140625 0.628294559375 0.40171354531250003 0.6284949703125 0.40329973125 0.6110996531249999 0.39597768437499997 0.609549134375 0.3958759796875 0.6088851625
0 0.39904094218749997 0.5890777593750001 0.3977140671875 0.6058534296875 0.40379545625 0.608554584375 0.4061989828125 0.5889794296875001 0.39904094218749997 0.5890777593750001
0 0.40104405 0.56977918125 0.3999370859375 0.5862561140625 0.40665530624999996 0.586755265625 0.40832669531250004 0.57165060625 0.40104405 0.56977918125
0 0.40908173281250004 0.568485890625 0.41003108906249996 0.5532925765625001 0.4038149921875 0.5531808203125 0.4037755890625 0.5535017234375 0.4025440234375 0.568008903125 0.40908173281250004 0.568485890625
0 0.405046559375 0.5386736421875 0.4045993296875 0.55425435 0.4108319265625 0.5527394234375 0.41160077343749996 0.5375239453125 0.405046559375 0.5386736421875
0 0.41391539218749995 0.5231497484375 0.4065997421875 0.5245316953125 0.4061296125 0.5388066234375 0.411725378125 0.5394936968749999 0.41391539218749995 0.5231497484375
2 0.37555360000000004 0.7878282578125 0.43559156562499995 0.7808673390624999 0.441316653125 0.75811685625 0.43510796718750006 0.743021871875 0.40104134687500004 0.7339528859375 0.374584378125 0.7479687109375 0.37555360000000004 0.7878282578125
2 0.428937671875 0.745521678125 0.43272565781249994 0.7355630359374999 0.43813182343749996 0.7228714015625 0.42576934218750007 0.7086495359375 0.4051391640625 0.7005788515625 0.381157115625 0.7093609437499999 0.3806778921875 0.710279328125 0.3787296765625 0.7455460109375001 0.428937671875 0.745521678125
2 0.38815586562500004 0.682206459375 0.3826634859375 0.710523128125 0.407504971875 0.709664375 0.43281557656249997 0.712446384375 0.44117218124999996 0.7010942453125 0.43760882187499994 0.6853468390625 0.4215243609375 0.674576878125 0.4020587328125 0.6764214484375 0.40097567968750003 0.676288465625 0.38815586562500004 0.682206459375
2 0.3916343625 0.6314920500000001 0.3900609734375 0.6547522953125 0.41290036093750004 0.655276425 0.43077071250000004 0.657470628125 0.43995105624999997 0.646871115625 0.4411661234375 0.633990621875 0.43019820624999994 0.6248261187499999 0.4145993671875 0.6160702390624999 0.4012481296875 0.617362590625 0.3916343625 0.6314920500000001
2 0.396563328125 0.5838874140625 0.39397289375 0.600507940625 0.41465897500000004 0.606631034375 0.4294441796875 0.610075140625 0.436166103125 0.603082678125 0.43892694375 0.591043465625 0.42956710156250005 0.5837051203125 0.4197903375 0.5782700375000001 0.41960982968750005 0.5782478734375001 0.396563328125 0.5838874140625
2 0.42313109375 0.5838921046875 0.437515878125 0.5876127859375 0.43882254375 0.5799554140625001 0.4373592796875 0.570980709375 0.4251800015625 0.5672050875 0.4164697890625 0.563529671875 0.39982629062499997 0.5722355984374999 0.398125603125 0.5831020109375 0.42313109375 0.5838921046875
2 0.41245549375 0.5708545890625001 0.42604954062499995 0.570569275 0.4408677484375 0.5707600109375 0.4409209578125 0.55838834375 0.432322553125 0.55081775 0.42034028437500004 0.5454376062499999 0.40591239375 0.54952944375 0.4021372046875 0.5653530140624999 0.41245549375 0.5708545890625001
2 0.41803576875 0.5552526531249999 0.429548915625 0.5569920328125 0.441810703125 0.5526342328125 0.44275635312499995 0.5449325328125 0.43362282187499995 0.5402279125 0.42641258125 0.5347822156250001 0.414042690625 0.5355435796875 0.4047111375 0.5503591734375 0.41803576875 0.5552526531249999