1 0.430250784375 0.8359874921875001 0.4322517453125 0.8598857625 0.5016112734375 0.8410771484374999 0.49768028124999997 0.8200282390625 0.430250784375 0.8359874921875001
3 0.4232050328125 0.7952832609375 0.42608086875 0.846619040625 0.49740727968750004 0.8270721796875 0.49023869531250003 0.779330915625 0.4232050328125 0.7952832609375
3 0.49022641250000004 0.7786272140625 0.4847271421875 0.735784234375 0.42204219531250003 0.74876168125 0.42436796406250005 0.7938551281249999 0.49022641250000004 0.7786272140625
3 0.42011086875 0.7087554140625001 0.4215289765625 0.74463045625 0.483106959375 0.7337007609375 0.47928928906249996 0.6964597718750001 0.42011086875 0.7087554140625001
3 0.47967283906249997 0.695749159375 0.4738882828125 0.6592464171875 0.4206473578125 0.6714384203125 0.41865590937499997 0.6707692656249999 0.4204698515625 0.7066373953125 0.47967283906249997 0.695749159375
3 0.417670484375 0.636998425 0.4198679765625 0.67215594375 0.4738882828125 0.6592464171875 0.46978532656249994 0.6283456640625 0.417670484375 0.636998425
3 0.4693649265625 0.6269451671875 0.46498896875 0.6030883546875 0.4176118390625 0.6109545 0.41924153437499995 0.636267084375 0.4693649265625 0.6269451671875
3 0.46207351093750004 0.5721668734375001 0.41632884687500005 0.58282019375 0.41840350624999995 0.61094068125 0.46534795156250003 0.6009703359375 0.46220862656249995 0.57990760625 0.46207351093750004 0.5721668734375001
3 0.46168996093750003 0.572877484375 0.4589956 0.554622659375 0.41593578437499995 0.5603016953125 0.41787532968749996 0.580681446875 0.46168996093750003 0.572877484375
3 0.4575255875 0.538458215625 0.41529428749999997 0.5462345421875 0.4167643 0.5623989859375 0.4589833171875 0.55391895625 0.4575255875 0.538458215625
3 0.45668250312499997 0.5379937484374999 0.4548400265625 0.5220385640625 0.41586767968749994 0.5293222984375 0.41596334687500003 0.546003075 0.45668250312499997 0.5379937484374999
3 0.41481301718749997 0.5137009124999999 0.41546467500000006 0.5286342296875 0.4550293984375 0.5216877078125 0.4539747375 0.5060663234375 0.41481301718749997 0.5137009124999999
3 0.41416742656250005 0.499115040625 0.4146175796875 0.5137043234374999 0.4539747375 0.5060663234375 0.4525170703125 0.4897568703125 0.41416742656250005 0.499115040625
0 0.42674708125 0.7606013453125 0.4314274203125 0.793536990625 0.44155380156249996 0.791274928125 0.43860814374999996 0.7569187984375 0.42674708125 0.7606013453125
0 0.42494509531249997 0.7133658671875 0.42818459375 0.74215605 0.4386957859375 0.7395397203125 0.436048665625 0.7110867468750001 0.42494509531249997 0.7133658671875
0 0.43380591874999996 0.6722001859375 0.42349622968749995 0.67516055 0.42687658281249996 0.7008203171875 0.4356288359375 0.6982346875000001 0.43380591874999996 0.6722001859375
0 0.43242982812499997 0.638164209375 0.421912571875 0.64043309375 0.42615958281250005 0.6709434484375 0.43392858125 0.6680274328125 0.43242982812499997 0.638164209375
0 0.4301675203125 0.6093569671875 0.4217515625 0.6088087671875 0.42310476250000006 0.6303333078125 0.4305314015625 0.630203675 0.4301675203125 0.6093569671875
0 0.429297534375 0.5819156265625 0.4207467859375 0.5848452875000001 0.422839284375 0.6039240671874999 0.429875046875 0.6038012578124999 0.429297534375 0.5819156265625
0 0.42832308125 0.5596893734374999 0.41955263593750003 0.561232665625 0.4223965625 0.5785605734375 0.42862631562500003 0.5770616296875 0.42832308125 0.5596893734374999
0 0.419781134375 0.5407231703125001 0.420847925 0.5570394453125 0.4280973203125 0.5579555593750001 0.4270123359375 0.5405969500000001 0.419781134375 0.5407231703125001
0 0.41867189062500004 0.5219747796875 0.420123490625 0.5379367875 0.42715925625000006 0.537813978125 0.42590915625000003 0.522196003125 0.41867189062500004 0.5219747796875
0 0.4185762234375 0.5052940031250001 0.41978993437499995 0.5188273062500001 0.42584244531250004 0.5183741078125 0.42561198750000007 0.5051711937500001 0.4185762234375 0.5052940031250001
0 0.41791850156250004 0.490013240625 0.4189125171875 0.5021601734375001 0.42575890781250003 0.502388221875 0.42514970312499994 0.4898870203125 0.41791850156250004 0.490013240625
0 0.41709566562499995 0.476473115625 0.4193229546875 0.49207403125000004 0.42577240468750005 0.49196145625 0.42411323437500004 0.47530797031249994 0.41709566562499995 0.476473115625
2 0.422345715625 0.7436481734375 0.42776398593750004 0.7852597140625 0.48669055781250004 0.7675487000000001 0.48632198125 0.73523289375 0.4717261546875 0.7278415421875 0.42233964999999996 0.743300728125 0.422345715625 0.7436481734375
2 0.48886208125 0.6903544796875 0.4805384609375 0.6838963015624999 0.46115978750000003 0.6824968015625 0.42492826875 0.701201875 0.42532520937499996 0.7015424968749999 0.42794807031250004 0.728605690625 0.476349953125 0.7239377734375 0.4946315109375 0.707283771875 0.48886208125 0.6903544796875
2 0.46654185468750003 0.6212338859375001 0.43795334375 0.6186049421875001 0.42135795 0.6310589 0.4178750875 0.6443266296875 0.4236930359375 0.6640354828125 0.43325129687499997 0.662825990625 0.43323916718750005 0.6621311000000001 0.470629815625 0.6538323218750001 0.473777753125 0.6325767640625 0.46654185468750003 0.6212338859375001
2 0.4142507796875 0.6158907124999999 0.41940357187500005 0.6310930124999999 0.4597439828125 0.6237853999999999 0.4676720296875 0.618781303125 0.467423378125 0.604536053125 0.45497736875 0.597107178125 0.4385363296875 0.596003953125 0.42066520937499996 0.6025718109375 0.4142507796875 0.6158907124999999
2 0.41643639062500004 0.57310379375 0.41535199843750004 0.6005792484375 0.4331429078125 0.6006162578125 0.453462384375 0.5999140296875 0.465464303125 0.5931010671875 0.4658080296875 0.579193028125 0.448598734375 0.5676766828125 0.4288777046875 0.5690635687500001 0.41643639062500004 0.57310379375
2 0.4264489125 0.55311861875 0.41701194375000006 0.5612770125 0.41569709218749995 0.5755495546875 0.42978681406249997 0.5763462703125 0.45598761718749997 0.5765840359375 0.4636656453125 0.56845634375 0.462097446875 0.557014534375 0.4543844 0.5519359015624999 0.4390856625 0.5490749828125 0.4264489125 0.55311861875
2 0.4380216078125 0.510515396875 0.42189730000000003 0.516357665625 0.4169554015625 0.5244375984375 0.41813879062500003 0.536233675 0.4365463375 0.537997675 0.4550765484375 0.5355889234375 0.461081909375 0.5212345093749999 0.4537294140625 0.5144118296875 0.4380216078125 0.510515396875
2 0.4231245078125 0.5194642015625 0.45420519531250003 0.5192692375 0.46138787968750006 0.51636345625 0.4586713109375 0.5063318953125 0.45151425468750006 0.49950580312500004 0.4377547625 0.49522781406250005 0.4294297734375 0.4998912890625 0.4192474421875 0.5101479999999999 0.4231245078125 0.5194642015625
2 0.43375973125 0.5015534640625 0.45081134218749996 0.504036234375 0.45655318593749994 0.496984990625 0.456444021875 0.4907309796875 0.44832796874999997 0.484964278125 0.434586671875 0.481728625 0.42160149843749994 0.48821119843750005 0.42050634374999996 0.503870109375 0.43375973125 0.5015534640625