1 0.3849049296875 0.890353003125 0.383457021875 0.9150483968750001 0.455698721875 0.9072057750000001 0.4539549359375 0.8842709265625001 0.3849049296875 0.890353003125
3 0.3812463296875 0.8509184734374999 0.3781089421875 0.9037639000000001 0.4532286984375 0.8906672703125 0.4499481875 0.8418364546875001 0.3812463296875 0.8509184734374999
3 0.38441975 0.801547096875 0.38131535 0.849931434375 0.449670584375 0.8418170437500001 0.44770907656250003 0.794070328125 0.38441975 0.801547096875
3 0.386832421875 0.7590655828124999 0.3841766546875 0.8010341656250001 0.4479176609375 0.7950767812499999 0.44745075468750006 0.7538817046874999 0.386832421875 0.7590655828124999
3 0.3896307984375 0.727025628125 0.38742214218750004 0.7586108859375 0.4467920140625 0.7553234390625 0.4460160390625 0.722537609375 0.3896307984375 0.727025628125
3 0.3919429859375 0.6939598109375 0.3899774234375 0.7260580015625 0.446605759375 0.7220829140625 0.4454831578125 0.6902647109375 0.3919429859375 0.6939598109375
3 0.3944334734375 0.6666276796874999 0.3921507234375 0.6944785 0.44504434374999996 0.690727596875 0.44324094843750006 0.663782978125 0.3944334734375 0.6666276796874999
3 0.3964250109375 0.64054439375 0.39455880312499997 0.6672324109375001 0.4432824203125 0.6631899109375 0.4425438640625 0.6401935375 0.3964250109375 0.64054439375
3 0.398230840625 0.61951384375 0.396758609375 0.640567721875 0.4426060703125 0.6393039375 0.4416592421875 0.6168889671875 0.398230840625 0.61951384375
3 0.4001601703125 0.5943201593749999 0.39858517656250003 0.6192406375 0.442013578125 0.6166157625 0.440753884375 0.59388093125 0.4001601703125 0.5943201593749999
3 0.44095873281250003 0.5885544687500001 0.440952328125 0.5718669453125 0.4017561359375 0.5738938171875 0.401261225 0.5881624171875 0.44095873281250003 0.5885544687500001
3 0.44093511249999995 0.5724885093750001 0.4416714671875 0.558000421875 0.4401583140625 0.5555178796875 0.4030586171875 0.5588761484375 0.4025844421875 0.572848215625 0.44093511249999995 0.5724885093750001
3 0.40279126249999997 0.558543690625 0.44139811250000005 0.55506755 0.4416937734375 0.54219960625 0.40464601250000004 0.5449792312499999 0.4031471 0.5556149312499999 0.40279126249999997 0.558543690625
0 0.38884535 0.81390540625 0.389199571875 0.8505538828124999 0.400083846875 0.8487221578125 0.4009319140625 0.8131300625 0.38884535 0.81390540625
0 0.39182138437499997 0.7687390078125 0.3924442546875 0.79633136875 0.39260511249999996 0.8018523765625 0.4009043859375 0.8004880968749999 0.402819421875 0.7678875453125 0.3920479125 0.7681066390625 0.39182138437499997 0.7687390078125
0 0.393892303125 0.728694971875 0.39421899531250004 0.7527014828125 0.4033792703125 0.7494527890625 0.40346152343749997 0.7274194953124999 0.393892303125 0.728694971875
0 0.4052627984375 0.6938386796875 0.3960564203125 0.695139528125 0.3959751640625 0.7197657203125 0.40450096406249997 0.717769071875 0.4052627984375 0.6938386796875
0 0.40708861562500004 0.66512113125 0.39842550625 0.6638671406250001 0.39879730625 0.6872285984375 0.4065748671875 0.685503734375 0.40708861562500004 0.66512113125
0 0.4082799578125 0.6376556328125 0.399844371875 0.6383621734375 0.40012595781250004 0.6630137375 0.40720138125 0.6635084984375 0.4082799578125 0.6376556328125
0 0.4017172875 0.6141853687500001 0.40163403906250006 0.633625765625 0.40857314999999994 0.6334627875 0.4092467625 0.6160082953125 0.4018536015625 0.6148431078125001 0.4017172875 0.6141853687500001
0 0.403841271875 0.5942394703125 0.4033941875 0.61106159375 0.40960860937500004 0.6134407703125 0.4109843578125 0.593766653125 0.403841271875 0.5942394703125
0 0.40483162500000003 0.57486250625 0.404588515625 0.591374790625 0.4113236515625 0.5915216531249999 0.4122022328125 0.5763502218750001 0.40483162500000003 0.57486250625
0 0.4127906078125 0.5731503265625 0.41294350625 0.55792815 0.406730078125 0.558141871875 0.406707525 0.5584643984375 0.40623689374999994 0.5730161500000001 0.4127906078125 0.5731503265625
0 0.4072007125 0.5435901203125 0.4075695265625 0.5591728828125 0.413714296875 0.5573338421875 0.4136857734375 0.5420989781250001 0.4072007125 0.5435901203125
0 0.41524493281249997 0.52762334375 0.40801163437500004 0.5293862671875 0.40828923906250003 0.5436662375 0.41391329531250004 0.544059509375 0.41524493281249997 0.52762334375
2 0.3907879171875 0.793946821875 0.450379296875 0.783853296875 0.45490586874999994 0.760834365625 0.44791568125000003 0.74608500625 0.41342111406250004 0.7388113578125 0.38773393437500003 0.7541926250000001 0.3907879171875 0.793946821875
2 0.441884671875 0.7489043140625 0.445146271875 0.7387610718750001 0.44988079843750006 0.72580389375 0.43679094531249996 0.712248521875 0.41576665312500005 0.7052685984375 0.392277090625 0.7152937781250001 0.3918465890625 0.716235984375 0.39174675937500003 0.751556296875 0.441884671875 0.7489043140625
2 0.39784509218749997 0.6878102203124999 0.3938422203125 0.7163755328125 0.41860471875 0.714217853125 0.44402623593749996 0.7156713953125 0.4517772625 0.7038974625 0.4473946296875 0.6883581296875 0.43076855781249995 0.6784447234375001 0.41142614218749995 0.68130551875 0.41033761406249997 0.6812294015625 0.39784509218749997 0.6878102203124999
2 0.40109541249999997 0.58918590625 0.3993783796875 0.605919228125 0.42035656875000005 0.6109513046874999 0.43530176093749995 0.6136168921875 0.441648515625 0.6062822156250001 0.44377548906250003 0.5941150109375 0.434044415625 0.587276578125 0.4239966 0.5823606203125 0.423815178125 0.582347934375 0.40109541249999997 0.58918590625
2 0.4276270140625 0.587800140625 0.442186809375 0.5907628828125 0.44309092968749997 0.58304761875 0.4411599703125 0.5741617953125 0.42879978281250003 0.5710287625 0.41990914999999995 0.567814240625 0.40374409375000003 0.5773792875 0.40261444218750003 0.588319815625 0.4276270140625 0.587800140625
2 0.4162837125 0.5753392109375 0.4298441984375 0.5743428296875 0.44465207968750003 0.5737577796875 0.444057734375 0.5614002828125 0.43507489843749997 0.5542900703125 0.42282747656249997 0.549544403125 0.408633509375 0.5543857296875 0.405691634375 0.57038519375 0.4162837125 0.5753392109375
2 0.42103979843749995 0.5594666078125 0.4326282 0.5606010515625 0.44464511250000005 0.5556074921875 0.445186390625 0.5478668546875001 0.4358191546875 0.5436466953125 0.428333790625 0.5385858156250001 0.41602069999999997 0.5399935265625 0.4074773234375 0.5552771921875 0.42103979843749995 0.5594666078125