1 0.3579556453125 0.8813734953125 0.35478860156250003 0.9059077328124999 0.4274013984375 0.9031235421874999 0.4272617140625 0.8801229203125001 0.3579556453125 0.8813734953125
3 0.357056771875 0.841779815625 0.350240715625 0.8942776609375 0.426091059375 0.8864530234375 0.42622480625000003 0.8375123203125 0.357056771875 0.841779815625
3 0.363666434375 0.792750071875 0.35719447656250003 0.840799996875 0.42594923281249997 0.8374735921875001 0.4273231453125 0.7897063578125 0.363666434375 0.792750071875
3 0.369036590625 0.750540340625 0.3634597125 0.7922214328125 0.42746101562499994 0.7907249078125 0.42986887031250004 0.7495976109375 0.369036590625 0.750540340625
3 0.37406314531249996 0.7187736390625 0.3696565921875 0.7501278890624999 0.4291111640625 0.7509898828125 0.4306241015625 0.7182297890625 0.37406314531249996 0.7187736390625
3 0.3786762546875 0.6859496578125001 0.3744764234375 0.7178325484375 0.43124410312499994 0.7178173375 0.43234376250000006 0.685998334375 0.3786762546875 0.6859496578125001
3 0.38306726874999997 0.658857834375 0.3788473046875 0.686481575 0.43187372812499997 0.68642948125 0.4319542890625 0.6594247 0.38306726874999997 0.658857834375
3 0.3868734328125 0.632977009375 0.383150109375 0.6594698343750001 0.43203702968749996 0.6588359703125 0.4329044171875 0.6358440953125 0.3868734328125 0.632977009375
3 0.39014188125000004 0.61212365625 0.3872045921875 0.63302355 0.43302852812500003 0.6349610015625 0.43364759375000006 0.6125345859375 0.39014188125000004 0.61212365625
3 0.39382393437499996 0.5871259265625 0.3905144125 0.6118758328125 0.434020125 0.6122867640625 0.434349403125 0.5895194421875 0.39382393437499996 0.5871259265625
3 0.43492530625 0.58422024375 0.43608298124999995 0.567572925 0.39684088125 0.5668606703125 0.3953518484375 0.5810599890625 0.43492530625 0.58422024375
3 0.43602244843750004 0.568191771875 0.4377676484375 0.5537903421875 0.43643135468749994 0.5512082953124999 0.3991877703125 0.551970440625 0.3977401078125 0.5658753953125 0.43602244843750004 0.568191771875
3 0.39894425624999996 0.5516201421875 0.4376995453125 0.550845546875 0.4388921078125 0.5380295734375 0.40174069843750004 0.53821810625 0.3995035265625 0.5487233390624999 0.39894425624999996 0.5516201421875
0 0.3672191828125 0.8053869921875 0.3650160734375 0.8419709046875001 0.376001609375 0.8409028890625001 0.3793303890625 0.805456653125 0.3672191828125 0.8053869921875
0 0.3733386171875 0.7605382140625 0.3720352234375 0.7881068109375 0.3718105625 0.793625590625 0.3801847875 0.7928435625 0.38436925781250003 0.7604560109375 0.37360870468749996 0.7599231875 0.3733386171875 0.7605382140625
0 0.378197821875 0.720736184375 0.376849109375 0.7447070046875 0.3862136875 0.7421052140625 0.3878327046875 0.7201313296875 0.378197821875 0.720736184375
0 0.3919720703125 0.686757965625 0.3826973765625 0.687413440625 0.38089848125 0.7119739765624999 0.3895427921875 0.710576921875 0.3919720703125 0.686757965625
0 0.39579667500000004 0.658237734375 0.38724214375 0.656382490625 0.38598342343750003 0.6797129765625 0.393862359375 0.6785348484375 0.39579667500000004 0.658237734375
0 0.3989010125 0.63092224375 0.3904366890625 0.6310386265625 0.3889979828125 0.6556497828125 0.3960216578125 0.6566368953125 0.3989010125 0.63092224375
0 0.3939915296875 0.6070513640625 0.392552390625 0.626438596875 0.3994859671875 0.6267600640625 0.401375503125 0.6093950796875001 0.39408163125 0.6077170093750001 0.3939915296875 0.6070513640625
0 0.397501696875 0.5873022140625 0.39588225 0.6040521734375 0.40191557031249997 0.60685905 0.40466036406250006 0.5873288249999999 0.397501696875 0.5873022140625
0 0.39984130625000003 0.568041534375 0.39844694999999997 0.5844966375 0.405155434375 0.5851129625 0.4070901828125 0.5700397734375 0.39984130625000003 0.568041534375
0 0.4079003375 0.5668887171875 0.40911470781250003 0.5517142859375 0.4029015078125 0.5514940609375001 0.4028565109375 0.551814228125 0.401371946875 0.5662977031249999 0.4079003375 0.5668887171875
0 0.40438607343750005 0.5370105859375001 0.403666990625 0.552581115625 0.409925078125 0.5511751921875 0.410959353125 0.5359754515625 0.40438607343750005 0.5370105859375001
0 0.413524484375 0.5216438390625 0.40618583125 0.5228978984375 0.405466640625 0.5371624484375 0.4110495625 0.537947078125 0.413524484375 0.5216438390625
2 0.3705492578125 0.78561253125 0.430699565625 0.779700478125 0.4368208296875 0.757053378125 0.430876534375 0.7418523359375 0.396973378125 0.7321901875 0.370275828125 0.7457421390625 0.3705492578125 0.78561253125
2 0.42466355 0.744244075 0.4286247625 0.734353059375 0.434251603125 0.7217577078125 0.42213921093750006 0.7073222546875 0.401653028125 0.698892753125 0.37752136406250003 0.7072549625 0.377026184375 0.70816484375 0.374462778125 0.7433921546875 0.42466355 0.744244075
2 0.3849929578125 0.6802267578125 0.3790072203125 0.7084432609375 0.4038599109375 0.70801818125 0.42911810937499995 0.7112414984375001 0.4376715625 0.7000369296875 0.434383575 0.684229734375 0.41848952656250005 0.6731807 0.3989946703125 0.6746852671875 0.39791410312500003 0.674533403125 0.3849929578125 0.6802267578125
2 0.40410090312499997 0.626141346875 0.40212180625 0.649370590625 0.42494856875 0.6502932421875001 0.4427779046875 0.6527989921875 0.4521418375 0.6423613125000001 0.4535815140625 0.6295039859375 0.442775209375 0.6201494640625 0.4273315578125 0.611122678125 0.4139597984375 0.6121818234374999 0.40410090312499997 0.626141346875
2 0.39511504375 0.58206941875 0.3922349375 0.5986422046875 0.41281100468750004 0.6051253890625 0.42753384843750003 0.6088270062500001 0.43437678437500005 0.6019529234375 0.43734731718750003 0.5899637281250001 0.4281169734375 0.5824631484375 0.418436553125 0.5768582656250001 0.41825645937499994 0.5768329546875 0.39511504375 0.58206941875
2 0.4216786828125 0.5825377796875 0.43599634062500003 0.58650894375 0.43743644687499994 0.5788755437499999 0.4361300359375 0.56987666875 0.4240185078125 0.5658890640625 0.41537376562499995 0.5620621921875 0.3985808625 0.5704763234375 0.3966907890625 0.5813113999999999 0.4216786828125 0.5825377796875
2 0.41123224374999995 0.5693159343749999 0.4248292 0.5692679140625 0.439641821875 0.569717234375 0.4399109390625 0.5573483796875001 0.43144596875 0.5496288765624999 0.419559421875 0.5440404328125 0.40506231562500006 0.5478798453125 0.40101154218749996 0.5636351203125 0.41123224374999995 0.5693159343749999
2 0.41708395937500004 0.553813765625 0.42856499843750007 0.5557538109375 0.440900971875 0.5516106734374999 0.44198089218750003 0.54392665 0.43293085624999994 0.53906334375 0.42581675625 0.533492640625 0.4134354625 0.5340380046875 0.4038467609375 0.5486884843750001 0.41708395937500004 0.553813765625