1 0.44201906874999997 0.8382170296875 0.44485284687500004 0.862030909375 0.5135137125 0.840813140625 0.50885051875 0.8199142437500001 0.44201906874999997 0.8382170296875
3 0.4335570515625 0.7977834890625 0.43822272812499996 0.84898763125 0.5088235140624999 0.8269634203124999 0.49999315 0.77950141875 0.4335570515625 0.7977834890625
3 0.499956315625 0.7787985749999999 0.492965196875 0.736173615625 0.4307713421875 0.7513308296875 0.43466943437500005 0.7963156390624999 0.499956315625 0.7787985749999999
3 0.42744499375 0.7114163375 0.4301142578125 0.7472200328125 0.49127328906249995 0.73414795625 0.4861582515625 0.6970628875 0.42744499375 0.7114163375
3 0.48651676874999994 0.696339321875 0.47946180937499994 0.6600606953125 0.42667881249999995 0.674103353125 0.4246652234375 0.6735041046875 0.42772984062499997 0.7092870796875 0.48651676874999994 0.696339321875
3 0.4225018140625 0.639788228125 0.42592494687500004 0.6748476375 0.47946180937499994 0.6600606953125 0.47428293125 0.62932195625 0.4225018140625 0.639788228125
3 0.4738139109375 0.627936984375 0.46860802812499996 0.6042474234374999 0.421534284375 0.613762215625 0.42404638281249996 0.6390025031250001 0.4738139109375 0.627936984375
3 0.46461520156249997 0.5734465265625001 0.4192702 0.5856898234375 0.42232498593749995 0.6137207765625 0.468892875 0.602118165625 0.4650203828125 0.5811778296875 0.46461520156249997 0.5734465265625001
3 0.4642566859375 0.574170090625 0.4609268828125 0.5560204171875001 0.41809149218749997 0.563198759375 0.42074109843749996 0.5834984078125001 0.4642566859375 0.574170090625
3 0.458893634375 0.5399171234375 0.41695944999999995 0.5491625640625 0.418992696875 0.5652658578125 0.460890046875 0.5553175718750001 0.458893634375 0.5399171234375
3 0.45803485468750005 0.5394823625 0.4556366703125 0.5236012 0.4169422640625 0.5322406109375 0.4176200234375 0.5489078875 0.45803485468750005 0.5394823625
3 0.415343065625 0.5166655484375 0.41651549218749995 0.5315670265625 0.455813684375 0.523243946875 0.4542144859375 0.5076688875 0.415343065625 0.5166655484375
3 0.414188828125 0.50211109375 0.4151478671875 0.5166757796875 0.4542144859375 0.5076688875 0.45218851562499995 0.491420240625 0.414188828125 0.50211109375
0 0.4358865609375 0.7629990828125 0.44171348593750004 0.7957513234375 0.451754753125 0.7931372343749999 0.44761187812500003 0.7589048359375 0.4358865609375 0.7629990828125
0 0.432437178125 0.71585526875 0.436679465625 0.7445148578125 0.44709294687499995 0.7415332859375 0.44345444531249995 0.713190028125 0.432437178125 0.71585526875
0 0.4398559421875 0.6744054265625 0.4296558484375 0.6777237890625 0.43392965468750005 0.703249953125 0.44258633906249994 0.70036045 0.4398559421875 0.6744054265625
0 0.43729285156250003 0.640438209375 0.426861184375 0.6430727578125001 0.4321704046875 0.6734163078125001 0.439832903125 0.6702309343749999 0.43729285156250003 0.640438209375
0 0.43402656406249995 0.6117274687500001 0.4255966 0.611473315625 0.42770017187500003 0.6329375171875 0.4351177625 0.632548778125 0.43402656406249995 0.6117274687500001
0 0.43219941874999995 0.58433320625 0.423756121875 0.5875595 0.4265131859375 0.6065536296875 0.4335403765625 0.60618535 0.43219941874999995 0.58433320625
0 0.430449875 0.5621545015625 0.42173863125000005 0.5640029359375001 0.42518556093750004 0.5812210375 0.43135920624999996 0.579505590625 0.430449875 0.5621545015625
0 0.42125121875 0.5434979609374999 0.42288679062499995 0.559767065625 0.43016374218750003 0.560429621875 0.4284736109375 0.5431194515625 0.42125121875 0.5434979609374999
0 0.4194883421875 0.524799703125 0.421496125 0.5407013265625 0.42852331718750003 0.5403330468750001 0.42672892031250004 0.524768215625 0.4194883421875 0.524799703125
0 0.4188105828125 0.5081324265625 0.420495859375 0.521615128125 0.4265288671875 0.5209509765625 0.42583777500000003 0.5077641484375001 0.4188105828125 0.5081324265625
0 0.41761997031250003 0.49288392812500004 0.419037303125 0.5049887703125 0.42588748125000003 0.50497774375 0.4248423609375 0.49250541875 0.41761997031250003 0.49288392812500004
0 0.4163250921875 0.4793807671875 0.41909548750000003 0.49489444843749997 0.42553708125 0.49455685781250003 0.42329772343750005 0.47797142187499997 0.4163250921875 0.4793807671875
2 0.43089621874999995 0.7462098453125 0.437763409375 0.7876069421875 0.4960359796875 0.7678502093749999 0.4945398234375 0.7355669515625001 0.479694934375 0.7286894890625 0.43087803124999996 0.7458628234375 0.43089621874999995 0.7462098453125
2 0.4955121421875 0.6906272296875 0.4869682046875 0.684463475 0.4675524953125 0.6837411343750001 0.43199584375000005 0.7036992734374999 0.43240443125 0.7040258359375 0.4359701859375 0.7309810062500001 0.48417967500000003 0.72462673125 0.50186888125 0.7073448578125 0.4955121421875 0.6906272296875
2 0.47079323906250004 0.62232770625 0.44213039375 0.6206980875 0.42597974687500006 0.6337236296875 0.42296204218750005 0.647104828125 0.42946427500000006 0.6665986312500001 0.438974503125 0.665056296875 0.4389381296875 0.664362253125 0.47601637812500003 0.6547636171875 0.47842059062500003 0.6334111453125 0.47079323906250004 0.62232770625
2 0.41834754218750003 0.61881271875 0.4240277484375 0.6338259296875 0.46408855468750004 0.6251149078125 0.47183713125000004 0.619837175 0.47109147812499996 0.6056092796875 0.45839378750000004 0.5986192890625001 0.4419242609375 0.598090521875 0.42429324218750003 0.605278071875 0.41834754218750003 0.61881271875
2 0.41903858125 0.5759755890625 0.418913728125 0.6034721515625 0.43669509218749997 0.60288824375 0.45697768281249995 0.6014773046874999 0.468734521875 0.5942496312500001 0.4685926546875 0.5803380687499999 0.4509919296875 0.569429334375 0.43133131406249997 0.5715036296875 0.41903858125 0.5759755890625
2 0.42834753125 0.55565315625 0.419201034375 0.5641359265625 0.4183850890625 0.5784456609374999 0.43249403124999997 0.5787501671874999 0.45868717343750004 0.57807339375 0.466076871875 0.5696826921875 0.4641103140625 0.5583025828125 0.4562247234375 0.5534962250000001 0.44083546250000005 0.5511709671875 0.42834753125 0.55565315625
2 0.4384263453125 0.51267200625 0.4225157515625 0.5190734453125 0.41785885 0.5273209265625 0.41945319531249997 0.5390685171875 0.4379110921875 0.540189028125 0.45634594999999994 0.5371350500000001 0.461846690625 0.5225797953125 0.4542605671875 0.5160178703125 0.4384263453125 0.51267200625
2 0.423850628125 0.5221352609375 0.454905578125 0.520855715625 0.4619824765625 0.51770103125 0.4589174671875 0.5077703875 0.45152654375 0.5011982328125 0.43762613281249996 0.49740304843749994 0.42946896875 0.502354221875 0.4196507953125 0.5129600421875 0.423850628125 0.5221352609375
2 0.4389310671875 0.482794146875 0.4217782625 0.48789225468749997 0.422553715625 0.508322559375 0.44618431718749996 0.5028849640625 0.45691419375000003 0.4991732578125 0.4521884265625 0.4878732140625 0.4389310671875 0.482794146875