1 0.412762146875 0.8318766406250001 0.4135096265625 0.85584688125 0.4837584671875 0.8406940421875 0.4809344765625 0.8194682468750001 0.412762146875 0.8318766406250001
3 0.4078563453125 0.7908594484375 0.40804153281250005 0.8422753828125 0.4802931984375 0.8264882453125001 0.47563302343749997 0.7784372359375 0.4078563453125 0.7908594484375
3 0.4756575859375 0.7777338546875 0.4724080796875 0.73466178125 0.40912985312499994 0.744340765625 0.40909242656249994 0.789494134375 0.4756575859375 0.7777338546875
3 0.4092949390625 0.7042882484375 0.4088335484375 0.7401883421875 0.47089915781249997 0.7324963703125 0.4690357609375 0.695106615625 0.4092949390625 0.7042882484375
3 0.4694559765625 0.69441705 0.46558975468749997 0.65766159375 0.41178371406250003 0.667050475 0.409830015625 0.6662780109375 0.4097642796875 0.7021919203125 0.4694559765625 0.69441705
3 0.4106133703125 0.6325018796874999 0.4109678484375 0.6677262234375 0.46558975468749997 0.65766159375 0.4631096421875 0.62658845625 0.4106133703125 0.6325018796874999
3 0.4627631140625 0.6251678765625 0.459641721875 0.6011147390625 0.41191783906249996 0.6064905781250001 0.4122205421875 0.6318537625 0.4627631140625 0.6251678765625
3 0.458348565625 0.5700830515625 0.412109040625 0.5783276828125 0.41270914375 0.6065182109375 0.46011106249999995 0.5990184109375 0.4580783765625 0.5778202484375 0.458348565625 0.5700830515625
3 0.45792835 0.5707726156249999 0.45619306562500006 0.5524017953125 0.41289504531250004 0.555819471875 0.4137653375 0.576272803125 0.45792835 0.5707726156249999
3 0.45557105 0.536182571875 0.41299064531249996 0.5417380234375 0.41361266093750004 0.5579572500000001 0.456217628125 0.551698415625 0.45557105 0.536182571875
3 0.4547534296875 0.5356746171875 0.45374850625 0.519644871875 0.41444836875 0.5248789671874999 0.41367090156249997 0.541541890625 0.4547534296875 0.5356746171875
3 0.4142127125 0.50922379375 0.414081928125 0.52417075 0.45395598281250005 0.5193044062500001 0.4537203265625 0.503649234375 0.4142127125 0.50922379375
3 0.414331371875 0.4946241234375 0.414017365625 0.509216971875 0.4537203265625 0.503649234375 0.45311822656249995 0.48728584374999995 0.414331371875 0.4946241234375
0 0.4132086515625 0.7564104375 0.41615885781250006 0.789545896875 0.4263897484375 0.787816909375 0.4252461875 0.7533536984375 0.4132086515625 0.7564104375
0 0.4138812484375 0.7091453859375 0.41560954531250005 0.73806565625 0.4262432609375 0.736003025 0.4250888828125 0.7074505046875 0.4138812484375 0.7091453859375
0 0.42488437343749996 0.6684998609374999 0.4144338796875 0.6709166 0.416466671875 0.696718115625 0.4253422515625 0.6945940875 0.42488437343749996 0.6684998609374999
0 0.42529147500000003 0.6344385109374999 0.4146698875 0.6361538546875 0.417314290625 0.6668446671875 0.425225253125 0.6643392453125 0.42529147500000003 0.6344385109374999
0 0.424539921875 0.6055523484374999 0.4161641875 0.6045644421875 0.4163890265625 0.6261303046875 0.423812271875 0.6263895296875 0.424539921875 0.6055523484374999
0 0.425107296875 0.5781030828125 0.416414940625 0.5805812171875 0.4175060640625 0.5997433625 0.42453861249999997 0.5999889453125 0.425107296875 0.5781030828125
0 0.42529741249999997 0.5558562921875 0.41645821562499996 0.5569384578125 0.41839137343750005 0.5743914593749999 0.42469103593749996 0.5732206093750001 0.42529741249999997 0.5558562921875
0 0.417759784375 0.5364690296875 0.4179711859375 0.552818775 0.4251627015625 0.5541130375 0.4249876828125 0.536721434375 0.417759784375 0.5364690296875
0 0.41763327656250004 0.5176882796875 0.4182475015625 0.5337043828125 0.42528005 0.5339499640625001 0.424849046875 0.5182879687499999 0.41763327656250004 0.5176882796875
0 0.4184107453125 0.50102535625 0.4189145140625 0.5146036328125 0.4249824484375 0.5144678203125 0.42544329375 0.5012709390625 0.4184107453125 0.50102535625
0 0.41855365781250004 0.48573111406249997 0.418910590625 0.49791342343749995 0.4257356625 0.4984994703125 0.4257815546875 0.4859835171875 0.41855365781250004 0.48573111406249997
0 0.41844058593750005 0.47216648125000005 0.41984833281249995 0.4878625828125 0.42629483593749995 0.4880877 0.42550951562500006 0.4713702046875 0.41844058593750005 0.47216648125000005
2 0.409700578125 0.7392501515625 0.4129336421875 0.7810882343750001 0.4727063796875 0.7664854703125 0.4740295875 0.7341946625 0.45984059843749997 0.7260495546875 0.40971270468750004 0.7389028640624999 0.409700578125 0.7392501515625
2 0.47891496250000004 0.6895106921874999 0.47094074375000006 0.6826257390625 0.451661871875 0.68021395625 0.41450105937500004 0.696997184375 0.41487962968750003 0.6973581140625 0.41608251718749995 0.7245214875 0.4646623671875 0.7223931265625 0.4837904734375 0.70671873125 0.47891496250000004 0.6895106921874999
2 0.46024281718750004 0.619316675 0.43183107343750005 0.6151951265625 0.41460663281250004 0.62676348125 0.4104341640625 0.6398307484375 0.41521265781250005 0.6598170796875 0.42482112031249997 0.6591094859375 0.424845375 0.6584149125 0.4626191046875 0.6520843843749999 0.46687515937499996 0.63102270625 0.46024281718750004 0.619316675
2 0.40830304375 0.6112441203125 0.412653146875 0.6266952640625 0.45332072500000004 0.6215089203125 0.4614998015625 0.6169266015625 0.46199702968749995 0.6026878609375 0.4499568734375 0.59461779375 0.4335961046875 0.5926556234375 0.41540574062499996 0.5982791781250001 0.40830304375 0.6112441203125
2 0.41272495468750003 0.5686302265625 0.41020409375 0.5960112750000001 0.42796868593750004 0.5969793359375 0.448297065625 0.5973415109375 0.4606391 0.5911660171875 0.4617102453125 0.5772950265625 0.4451272546875 0.5648938 0.4253606671875 0.5652466671874999 0.41272495468750003 0.5686302265625
2 0.4375562140625 0.5072572875 0.4211482421875 0.5122476687499999 0.415790246875 0.5200578890625 0.4163546546875 0.5318997328124999 0.43464465468749997 0.5346246921875 0.453275534375 0.5331890390625 0.46002391718749996 0.5191685921875 0.4530385703125 0.5119704640625 0.4375562140625 0.5072572875
2 0.42221118437499994 0.515414175 0.45325948125000004 0.516846115625 0.46058439843750004 0.514320228125 0.4583965640625 0.504160240625 0.45160656718750003 0.4969689328125 0.43808982343749997 0.49197668906249997 0.42953217656250003 0.49619807812500005 0.41882700625 0.5059078296874999 0.42221118437499994 0.515414175
2 0.44066304218749996 0.4775371125 0.42313117968749997 0.4811208546875 0.42212306406250005 0.5015410015625 0.44613766093749996 0.49818364062500003 0.457150203125 0.4954212296875 0.4534272828125 0.48375230625 0.44066304218749996 0.4775371125