1 0.4615024140625 0.90514229375 0.4647932109375 0.9296602375 0.5342111859374999 0.9081773406250001 0.5281232625000001 0.8859966 0.4615024140625 0.90514229375
3 0.4503865703125 0.86713038125 0.4573902078125 0.9196035312499999 0.5286308484375 0.892413996875 0.5160932515625001 0.8451062921875 0.4503865703125 0.86713038125
3 0.4440811828125 0.8180605796875 0.4502659859375 0.8661483078125001 0.51581704375 0.84514020625 0.504781071875 0.7986450078125 0.4440811828125 0.8180605796875
3 0.43834367187499995 0.775899209375 0.4437446828125 0.81760345625 0.5051778640625 0.7995931671875 0.4968591453125 0.7592440500000001 0.43834367187499995 0.775899209375
3 0.4349771234375 0.743913965625 0.438835796875 0.77534034375 0.496487603125 0.760784990625 0.48947005312499997 0.7287495921875 0.4349771234375 0.743913965625
3 0.4309375734375 0.7110144734375 0.4351327484375 0.7428979765625 0.48996217968750005 0.7281907265625 0.482789003125 0.6971713171875 0.4309375734375 0.7110144734375
3 0.4281670875 0.683709303125 0.431240465625 0.71148399375 0.482446575 0.6977094265625 0.4755350375 0.6716039609375 0.4281670875 0.683709303125
3 0.425145109375 0.6577252375 0.42840550312500003 0.684279009375 0.47546258437500005 0.6710138765625 0.4703496828125 0.648580934375 0.425145109375 0.6577252375
3 0.42290494375 0.636736509375 0.42547703124999997 0.6576844828125 0.47024100312500006 0.647695809375 0.4650345921875 0.625873328125 0.42290494375 0.636736509375
3 0.41999164375 0.6116375703125 0.4232006390625 0.6364007125 0.46533028906249996 0.6255375328125 0.45975572812500004 0.6034607656250001 0.41999164375 0.6116375703125
3 0.4589404765625 0.5981930796875 0.455750059375 0.5818133750000001 0.4176607578125 0.5912819921875 0.4198975171875 0.6053828718750001 0.4589404765625 0.5981930796875
3 0.4558517609375 0.582426803125 0.4538101296875 0.5680643984375 0.45185108593749995 0.5659161921875 0.41607380312500003 0.576291715625 0.4182743359375 0.590097553125 0.4558517609375 0.582426803125
3 0.4157479234375 0.5760163796875 0.45298217812499997 0.5652375703125 0.45081708750000005 0.5525496328124999 0.41498037656250003 0.562347234375 0.4155383890625 0.5730735328125001 0.4157479234375 0.5760163796875
0 0.45078355 0.8293473859375 0.45812412187499996 0.8652549390625 0.46845891249999994 0.86138005 0.46250010625 0.8262800640625001 0.45078355 0.8293473859375
0 0.44508675000000003 0.7844429671875 0.450963046875 0.8114095296875 0.45217440781249996 0.816798409375 0.4600608828125 0.8138756203125 0.45572025624999996 0.7815086250000001 0.4451884546875 0.78377899375 0.44508675000000003 0.7844429671875
0 0.43947885781249996 0.7447395046875 0.4443802078125 0.7682426125 0.4527523015625 0.7633057437499999 0.44862889375000004 0.74166156875 0.43947885781249996 0.7447395046875
0 0.44398955156250003 0.7083540265625 0.435200534375 0.7113876359375 0.4398196703125 0.7355768796875 0.44780784687499997 0.731990115625 0.44398955156250003 0.7083540265625
0 0.44030225625 0.67981571875 0.431559040625 0.6802377671875 0.43638158593750004 0.7030990671875 0.44368713125000003 0.6999218640625 0.44030225625 0.67981571875
0 0.436231046875 0.6526275187499999 0.42808525937499997 0.6549306640625 0.43306541249999997 0.67907558125 0.44010524687499997 0.6782111984375 0.436231046875 0.6526275187499999
0 0.4253106125 0.6308406875 0.428938296875 0.64993979375 0.43571881875 0.648455765625 0.43304958125 0.63119343125 0.425569925 0.6314603328125 0.4253106125 0.6308406875
0 0.4235897171875 0.6108559765625 0.42636065937499995 0.6274543375 0.4329148734375 0.628604034375 0.43051134687500003 0.60902888125 0.4235897171875 0.6108559765625
0 0.4208645765625 0.5916460531250001 0.423776625 0.6079013484375 0.43041604062500005 0.6067603874999999 0.428383634375 0.59170005625 0.4208645765625 0.5916460531250001
0 0.42835063125 0.5884466859375 0.425596190625 0.573475009375 0.4195377015625 0.57487038125 0.4195771046875 0.5751912859375 0.42189172499999994 0.5895654828125 0.42835063125 0.5884466859375
0 0.4172230828125 0.5604961859375 0.42055845156249994 0.5757222750000001 0.4262394203125 0.5727445453125 0.42330447187500003 0.5577950328125 0.4172230828125 0.5604961859375
0 0.42207290468750003 0.543287853125 0.4153088828125 0.546398565625 0.41830613593750005 0.560363203125 0.42390190156249996 0.5596761296875 0.42207290468750003 0.543287853125
2 0.4488821484375 0.8093848375 0.50545273125 0.7881061890625001 0.50550391875 0.76464646875 0.49582784999999996 0.7515018875 0.4605791671875 0.75094375 0.43829881875 0.770943765625 0.4488821484375 0.8093848375
2 0.4904455953125 0.7554201671875 0.49171185 0.7448409421875 0.49388704375000003 0.731218434375 0.47845120156250004 0.720409775 0.45648135156249997 0.717569715625 0.435336253125 0.731892725 0.4350934421875 0.7328997640625 0.44173488125000004 0.767590190625 0.4904455953125 0.7554201671875
2 0.4355578453125 0.70385169375 0.4370790359375 0.7326559640625 0.46097487187499997 0.72581301875 0.4862066734375 0.7223892015625 0.4915687203125 0.7093526234375 0.48430156406249997 0.6949350375 0.4660893921875 0.6883761734375 0.44764821718750003 0.6948751140625 0.44656516562500004 0.695008096875 0.4355578453125 0.70385169375
2 0.419930040625 0.6064191953125 0.42143742343749996 0.6231727031250001 0.44299035 0.6241095 0.458169575 0.6238744359374999 0.46300020000000003 0.6154634999999999 0.46276648125 0.6031139953125 0.4519093609375 0.59825798125 0.44110814375 0.59534955625 0.44092763437500004 0.5953717203125 0.419930040625 0.6064191953125
2 0.44570976562500003 0.599996421875 0.460567375 0.6001265890624999 0.4599827421875 0.5923805625 0.456391765625 0.584026440625 0.4436608578125 0.5833094062499999 0.43432021093750006 0.58185035625 0.42027725 0.5943241046875001 0.42125590468749996 0.6052791734375 0.44570976562500003 0.599996421875
2 0.432197215625 0.5899288375 0.4453184375 0.5863633015625 0.45974262499999996 0.5829635234375 0.4568012765625 0.5709464750000001 0.4466267890625 0.565680903125 0.4336988703125 0.56335934375 0.42068945468749996 0.570820059375 0.42085447187499997 0.587086903125 0.432197215625 0.5899288375
2 0.4338372828125 0.57344035625 0.44542923593749995 0.5723427859375 0.4562725484375 0.5651480359375001 0.4553268984375 0.5574463359374999 0.44532652031250003 0.5550910640625 0.437013021875 0.55155144375 0.42519476093749997 0.5552827390624999 0.4197246109375 0.571915753125 0.4338372828125 0.57344035625