1 0.40698338749999996 0.830303584375 0.40731241406249996 0.85428321875 0.477815009375 0.8403586984375 0.475361890625 0.8190868515625 0.40698338749999996 0.830303584375
3 0.40279418125 0.7892070203125 0.40208200937500005 0.84061835625 0.47459819375 0.8260945890625001 0.47077733437499997 0.7779695656250001 0.40279418125 0.7892070203125
3 0.47081416875000004 0.7772667203125 0.46831686875 0.7341444953125 0.4048793578125 0.7427176484375 0.404053903125 0.7878634875 0.47081416875000004 0.7772667203125
3 0.40574343281249997 0.7026741125 0.4046555703125 0.7385606859375 0.46684596875000006 0.7319530796875 0.46563539687500005 0.6945365 0.40574343281249997 0.7026741125
3 0.4660675828125 0.6938543734375 0.462843421875 0.657037040625 0.4088817171875 0.6654854453125 0.4069417984375 0.6646790031250001 0.4062492875 0.7005862953124999 0.4660675828125 0.6938543734375
3 0.4083145078125 0.6309216859375 0.4080541828125 0.666146853125 0.462843421875 0.657037040625 0.4609059875 0.6259253499999999 0.4083145078125 0.6309216859375
3 0.4605843046875 0.624498940625 0.4578831734375 0.600394990625 0.4100727375 0.6049371125 0.40993274687500003 0.63030171875 0.4605843046875 0.624498940625
3 0.457131790625 0.5693454609375 0.4107554203125 0.57678184375 0.410863440625 0.6049785515625 0.45838902812500004 0.5983071718749999 0.4567266109375 0.5770767625000001 0.457131790625 0.5693454609375
3 0.45669960625000006 0.5700275859375 0.45528519999999995 0.551629278125 0.41193412656249995 0.5542907796875001 0.41244732656250005 0.574756184375 0.45669960625000006 0.5700275859375
3 0.45494634375 0.53540166875 0.41227546718749997 0.5402131453125001 0.41261432343750004 0.55644075625 0.4553220359375 0.5509264328125 0.45494634375 0.53540166875
3 0.4541377125 0.534879521875 0.45341270156249996 0.5188346796875 0.41402720156250006 0.5233820953125 0.41295904375000003 0.5400289125 0.4541377125 0.534879521875
3 0.4140648015625 0.50772519375 0.4136731765625 0.5226675921874999 0.4536260875 0.5184978874999999 0.4536636875 0.5028409859375 0.4140648015625 0.50772519375
3 0.4144382421875 0.49312981875000006 0.4138696015625 0.5077149640624999 0.4536636875 0.5028409859375 0.4533472609375 0.4864695796875 0.4144382421875 0.49312981875000006
0 0.40874689062499997 0.7548566671875 0.4111183546875 0.7880385671875 0.42137786093749996 0.786488396875 0.42083594062499996 0.752010478125 0.40874689062499997 0.7548566671875
0 0.410244275 0.707610553125 0.4114675796875 0.73655658125 0.4221356734375 0.7346798484375 0.42147978124999996 0.7061115296875 0.410244275 0.707610553125
0 0.42195508593750003 0.6671632484375001 0.41146400625 0.669397234375 0.413046190625 0.6952302968749999 0.4219574875 0.6932614921875 0.42195508593750003 0.6671632484375001
0 0.422956578125 0.6331141921875 0.41230667031249996 0.634643903125 0.41441504218749997 0.6653761921875 0.4223685265625 0.6630092171874999 0.422956578125 0.6331141921875
0 0.42270927187499996 0.6042193124999999 0.4143520546875 0.6030853796875 0.4142004828125 0.6246518812499999 0.4216180734375 0.6250406203125001 0.42270927187499996 0.6042193124999999
0 0.4237556171875 0.5767841296875 0.415021334375 0.579110184375 0.4157778671875 0.598288453125 0.4228050578125 0.5986567328125 0.4237556171875 0.5767841296875
0 0.4243339625 0.5545440453125 0.41547722656249997 0.55547178125 0.41710549218750004 0.5729558625 0.42342463124999996 0.571895134375 0.4243339625 0.5545440453125
0 0.41713583906249996 0.5350281859375 0.41706186562500003 0.55137913125 0.424229696875 0.5527987046875 0.42435822968750003 0.5354066953125 0.41713583906249996 0.5350281859375
0 0.41733711875 0.5162480875 0.4176717296875 0.532272471875 0.42469892187499997 0.5326407515625 0.42454132343750006 0.51697361875 0.41733711875 0.5162480875
0 0.41840527656250004 0.49960127187500003 0.41867199531250004 0.513186271875 0.4247413765625 0.5131563796874999 0.42543246874999996 0.49996955156249995 0.41840527656250004 0.49960127187500003
0 0.4188150890625 0.4843118515625 0.41895935624999997 0.49649853593750004 0.4257731609375 0.49720360625 0.42603747968750005 0.48469036093750006 0.4188150890625 0.4843118515625
0 0.4189387703125 0.4707473125 0.4200723671875 0.4864655921875 0.426513959375 0.48680318125 0.42602052031250004 0.4700745265625 0.4189387703125 0.4707473125
2 0.4055388390625 0.7376377703125 0.4080412375 0.77952590625 0.468059725 0.7659685453125 0.4699462828125 0.733705746875 0.45590160625 0.725314246875 0.4055570265625 0.7372907484375 0.4055388390625 0.7376377703125
2 0.47561075625000004 0.6891138437500001 0.4677579109375 0.6820907703125 0.44852406718750004 0.6793428921875 0.41107600624999996 0.6954750171875 0.4114482203125 0.6958425 0.41217685781249996 0.72302273125 0.460786453125 0.721742528125 0.480185203125 0.7064043515625 0.47561075625000004 0.6891138437500001
2 0.458166509375 0.6186046453125 0.4298310234375 0.6139878703125 0.4124073109375 0.6252538546874999 0.4080074234375 0.6382463125 0.41243637812499995 0.6583129953125 0.42205572656249996 0.6577732000000001 0.42209209999999997 0.65707915625 0.45997056093750005 0.651408834375 0.46459354218750004 0.6304246421874999 0.458166509375 0.6186046453125
2 0.40637553281249994 0.6096268453125 0.41045531406249997 0.6251515546874999 0.45120721093749994 0.620675746875 0.4594650140625 0.616236871875 0.46021066718750003 0.602008978125 0.4483131875 0.593730009375 0.4319891546875 0.591482603125 0.41370341718750003 0.5967878359375 0.40637553281249994 0.6096268453125
2 0.411540484375 0.5670966140625 0.4085421421875 0.594429496875 0.426287134375 0.5957074453125 0.44660609687499997 0.5964243437500001 0.459054028125 0.5904651890625 0.46036709374999996 0.5766150062500001 0.44400305937500006 0.5639262546875 0.4242333234375 0.56393409375 0.411540484375 0.5670966140625
2 0.43743906718750003 0.5061663875 0.4209465 0.51086965 0.4154530125 0.5185851718750001 0.41581066718750004 0.5304350624999999 0.434050325 0.5334788109375 0.452703421875 0.5323685296875 0.45969546718750004 0.5184679937500001 0.45283680937500004 0.51114905 0.43743906718750003 0.5061663875
2 0.42195401875 0.514054225 0.4529725953125 0.5160278140625 0.4603404796875 0.51363015 0.4583302953125 0.5034335265625 0.45166683750000003 0.4961248125 0.4382392796875 0.4908974296875 0.4296092625 0.49496882500000006 0.41873626249999996 0.5044902671875 0.42195401875 0.514054225
2 0.4410641109375 0.47650496093749994 0.4234723734375 0.47978218437500003 0.42210803124999996 0.5001816265625 0.44617756406250003 0.49724389062499996 0.45723664062499997 0.49467409375000004 0.4537179375 0.48294197499999997 0.4410641109375 0.47650496093749994