1 0.43333489375 0.90146993125 0.434907390625 0.92615770625 0.5056548375000001 0.90956949375 0.5011289953125 0.8870181109375 0.43333489375 0.90146993125
3 0.4248977046875 0.8627752125000001 0.428223940625 0.9156090890625 0.5011876875 0.8934552828125 0.49198065 0.8453882390624999 0.4248977046875 0.8627752125000001
3 0.42203061406250003 0.8133851 0.4248459203125 0.86178711875 0.4917027515625 0.8454028031249999 0.483937003125 0.798251034375 0.42203061406250003 0.8133851
3 0.4192481078125 0.7709262046875 0.42172682031250003 0.8129056171875 0.4842666890625 0.7992245640625 0.4787828453125 0.75839345 0.4192481078125 0.7709262046875
3 0.4181209375 0.7387840359375 0.41977801875000004 0.7704030296875 0.47830471875 0.7599047203125 0.47353893906250005 0.7274578375 0.4181209375 0.7387840359375
3 0.41638618125000004 0.7056829015625 0.4183470546875 0.737781378125 0.47406885 0.7269346624999999 0.469076953125 0.6954904390625 0.41638618125000004 0.7056829015625
3 0.41552715625000003 0.678250984375 0.41665558281250004 0.7061724078125 0.46869782187500003 0.6960033515624999 0.463624146875 0.6694793531250001 0.41552715625000003 0.678250984375
3 0.41432509531250006 0.6521194140625 0.41572525000000005 0.678835934375 0.46359303125 0.6688856515625 0.460057428125 0.646150696875 0.41432509531250006 0.6521194140625
3 0.4135544859375 0.631025546875 0.41465905156250005 0.6521019109374999 0.46001075625 0.6452601484375 0.4563392859375 0.62312764375 0.4135544859375 0.631025546875
3 0.41239909687500004 0.6057845265624999 0.4138728859375 0.6307111937500001 0.4566576859375 0.6228132937499999 0.45263670312500004 0.6004014421874999 0.41239909687500004 0.6057845265624999
3 0.4521908921875 0.5950897187499999 0.4501508375 0.5785273609375 0.411493821875 0.5853159390625 0.4127415046875 0.5995384968749999 0.4521908921875 0.5950897187499999
3 0.4502095 0.579146390625 0.44917471249999996 0.5646765546875 0.44737029218749996 0.562396925 0.41095640156249996 0.570251478125 0.412188528125 0.5841771859375 0.4502095 0.579146390625
3 0.41065052343749997 0.5699540796875 0.44854596718749995 0.5617988578124999 0.4472712171875 0.5489907984375 0.41083835625000004 0.5562646906250001 0.41064678125 0.5670037859375 0.41065052343749997 0.5699540796875
0 0.42792932656250005 0.825111946875 0.43274723281250005 0.8614440828125 0.443327146875 0.8582995515625 0.43983130781249996 0.8228694015625001 0.42792932656250005 0.825111946875
0 0.42537877812499997 0.7799195250000001 0.4293596671875 0.8072303078124999 0.43019216875 0.8126905593749999 0.438263315625 0.810325021875 0.4361910703125 0.7777340859375 0.42552655 0.7792642625 0.42537877812499997 0.7799195250000001
0 0.4225541203125 0.7399215890625 0.42580403593750005 0.763709346875 0.434500115625 0.7593685109375 0.431896571875 0.7374894265624999 0.4225541203125 0.7399215890625
0 0.42959194843750004 0.7039393953124999 0.4206127265625 0.7063525234375 0.423533253125 0.7308050578125 0.43175217187500003 0.727784259375 0.42959194843750004 0.7039393953124999
0 0.42790436718749997 0.6752133921875 0.419153009375 0.6750245171875 0.42236908125 0.6981665312499999 0.42987846249999995 0.6955066765625 0.42790436718749997 0.6752133921875
0 0.42573962656250003 0.6478074296874999 0.4174530234375 0.6495367421875 0.42073678125 0.673970240625 0.4278197625 0.6735990375 0.42573962656250003 0.6478074296874999
0 0.41636556718750006 0.6253118984375 0.418652128125 0.644617534375 0.4255196546875 0.6436101062499999 0.424061078125 0.626203625 0.4165810234375 0.625948121875 0.41636556718750006 0.6253118984375
0 0.416042928125 0.605255825 0.41764927656250006 0.6220070453125001 0.42410732500000003 0.6236111390625 0.42307514687500003 0.6039160078125 0.416042928125 0.605255825
0 0.414664440625 0.5859026 0.4164354828125 0.60232143125 0.423138315625 0.6016463937500001 0.42216141562500004 0.586480975 0.414664440625 0.5859026
0 0.4223554359375 0.5832332265625 0.42065207656250003 0.5681058796875 0.4145110109375 0.569075234375 0.41452793125 0.56939810625 0.41583422031249995 0.583898746875 0.4223554359375 0.5832332265625
0 0.41320472343750003 0.55457459375 0.4154698484375 0.5699962578125 0.42134469531249996 0.567422065625 0.4194597203125 0.5523042375 0.41320472343750003 0.55457459375
0 0.419243121875 0.5377464875 0.4122785859375 0.5403777875 0.41429441406249995 0.5545174859374999 0.4199244765625 0.5542224265625 0.419243121875 0.5377464875
2 0.4274250734375 0.805065390625 0.4853421765625 0.7877847390625 0.48702970624999997 0.7643857374999999 0.47829412812500005 0.7505982078125 0.44317024375 0.7475826062500001 0.41954903750000005 0.765979703125 0.4274250734375 0.805065390625
2 0.47265165937500003 0.7541314953125 0.47465279843749997 0.7436663703125 0.47777295156250005 0.7302287796875 0.463128684375 0.7183697 0.4414104640625 0.7140040203125 0.4193177515625 0.72681713125 0.4190052859375 0.7278047796875 0.4232106640625 0.7628739859375 0.47265165937500003 0.7541314953125
2 0.4214948484375 0.6988598640625 0.4210030484375 0.72770008125 0.445318015625 0.7225406953125 0.4707271875 0.7208852984375 0.4769855578125 0.708254515625 0.470741825 0.69336511875 0.4530315390625 0.6855518140625 0.43418194374999997 0.6907485328125 0.433092253125 0.690805640625 0.4214948484375 0.6988598640625
2 0.42993174375 0.6421221859374999 0.43242135625 0.665302271875 0.455004778125 0.6618524203125 0.4729846578125 0.660910134375 0.48018494531249994 0.648877503125 0.47914487812499995 0.6359816984375 0.46675218906250004 0.6288609859375 0.4498698890625 0.622946834375 0.4369459 0.626537971875 0.42993174375 0.6421221859374999
2 0.412701659375 0.600574565625 0.4130367046875 0.6173924125 0.43447178124999997 0.6198303828125 0.449630428125 0.620654740625 0.45503600312500003 0.6126012609375 0.4556643125 0.6002655359375 0.4451723765625 0.5946639953124999 0.4346003515625 0.5910092015624999 0.4344187375 0.59101871875 0.412701659375 0.600574565625
2 0.43886661718750003 0.595965740625 0.453678953125 0.5971320046875 0.45363607968749997 0.589364065625 0.4506366046875 0.5807798 0.43798672656250004 0.5791764484375 0.4287706125 0.5770693828125 0.41389173437500004 0.5885331593750001 0.41410381718749995 0.5995298078125 0.43886661718750003 0.595965740625
2 0.42608926093750005 0.5849800921874999 0.439427240625 0.58233853125 0.454053446875 0.579953215625 0.45195753125 0.5677602609375 0.44217513437499995 0.5617977796875 0.429440653125 0.558580071875 0.41594249375 0.565115121875 0.41497239218750004 0.5813538515625 0.42608926093750005 0.5849800921874999
2 0.4288755125 0.56864618125 0.44051578906250005 0.5683598984375 0.45183456875 0.5619390656250001 0.451428465625 0.5541901609375001 0.44161674375000004 0.5511430359375 0.43357040781249995 0.5470321171875 0.421520653125 0.5499299234375 0.4149035671875 0.5661408421874999 0.4288755125 0.56864618125