1 0.37854948906249997 0.8209397468749999 0.3767873015625 0.844856809375 0.4482352140625 0.83712998125 0.44764539531249997 0.8157252765624999 0.37854948906249997 0.8209397468749999
3 0.3779580265625 0.7796344546875 0.372767771875 0.8307880859375001 0.44627383906249996 0.8226397875 0.446661890625 0.774364884375 0.3779580265625 0.7796344546875
3 0.4467598421875 0.773667925 0.44803039531250005 0.7304921375 0.384087084375 0.733503725 0.3793300515625 0.7784058265625 0.4467598421875 0.773667925
3 0.3884378953125 0.693687875 0.38422645 0.7293430765625 0.4467560875 0.7281808640625 0.44881119218750004 0.6908011578125001 0.3884378953125 0.693687875
3 0.449301184375 0.6901592937500001 0.44929813281250003 0.6532010578125 0.39480544375000004 0.6569142421875 0.3929431921875 0.6559417937500001 0.389123790625 0.691652090625 0.449301184375 0.6901592937500001
3 0.397252821875 0.6224325734375 0.3939234109375 0.6575010078125 0.44929813281250003 0.6532010578125 0.45007963437500004 0.6220388984375 0.397252821875 0.6224325734375
3 0.4498834953125 0.6205898796875 0.449293440625 0.5963422328125 0.40126906562500003 0.5967001187500001 0.3989189359375 0.621956003125 0.4498834953125 0.6205898796875
3 0.4512510625 0.56534536875 0.40440304375 0.5687114875 0.40205314843749995 0.5968103140625 0.44997933593750006 0.5943064484375 0.450173596875 0.5730119375 0.4512510625 0.56534536875
3 0.45076107031249996 0.5659872312500001 0.450955565625 0.5475356625 0.40753749062500005 0.546408740625 0.4062650609375 0.5668409953125 0.45076107031249996 0.5659872312500001
3 0.45203232812499994 0.5313402703125 0.40910447968749997 0.532414425 0.4080277171875 0.5486098187499999 0.45105351718750003 0.5468387015625 0.45203232812499994 0.5313402703125
3 0.4512722828125 0.5307496328125 0.45194842968750004 0.51470265625 0.4123164703125 0.515800096875 0.4098015109375 0.532290471875 0.4512722828125 0.5307496328125
3 0.413718515625 0.5002060515625 0.412026065625 0.51505745625 0.45219035625000004 0.51438574375 0.45359240156249997 0.49879170000000006 0.413718515625 0.5002060515625
3 0.41536260625 0.4856987640625 0.4135249515625 0.500178846875 0.45359240156249997 0.49879170000000006 0.4547040421875 0.4824550140625 0.41536260625 0.4856987640625
0 0.3868819140625 0.745933628125 0.38635236093750003 0.7791959484375 0.3967079328125 0.7785458515625 0.3991730234375 0.7441519000000001 0.3868819140625 0.745933628125
0 0.39249137031250003 0.6989978046875 0.3911872078125 0.727940303125 0.401978275 0.727000496875 0.4038147703125 0.698483725 0.39249137031250003 0.6989978046875
0 0.4076828328125 0.6597250796874999 0.39703697031249996 0.66103620625 0.396361634375 0.6869088624999999 0.40541061406249995 0.6857242218749999 0.4076828328125 0.6597250796874999
0 0.41164808593749996 0.625892875 0.40090538125 0.6264885640625 0.400327234375 0.657287665625 0.4084567484375 0.6556228890625 0.41164808593749996 0.625892875
0 0.41392007499999994 0.5970863953125 0.40569348906249997 0.5952283984375 0.4036628484375 0.6166996218749999 0.4110183328125 0.61773336875 0.41392007499999994 0.5970863953125
0 0.417353571875 0.56984680625 0.408449796875 0.5714027671874999 0.4075319546875 0.59057399375 0.41450030781249997 0.59155333125 0.417353571875 0.56984680625
0 0.41986806874999993 0.5477417578125 0.41096417812499997 0.5478940484375 0.41106240781250003 0.5654535109375 0.41744994843749994 0.56494756875 0.41986806874999993 0.5477417578125
0 0.414398253125 0.52767280625 0.4128994828125 0.5439550828125 0.419916315625 0.5459939734375 0.4215601734375 0.5286793484375 0.414398253125 0.52767280625
0 0.4162355609375 0.5089817140624999 0.4151722828125 0.5249742828125 0.4221406359375 0.525953621875 0.4233491171875 0.5103323718749999 0.4162355609375 0.5089817140624999
0 0.41875052031250004 0.492491340625 0.41783221406250004 0.5060478921875 0.423881103125 0.50654709375 0.425718875 0.493470678125 0.41875052031250004 0.492491340625
0 0.420491334375 0.47729581874999993 0.41957291249999995 0.4894487015625 0.4262993375 0.490744953125 0.427653253125 0.4783023609375 0.420491334375 0.47729581874999993
0 0.421796771875 0.46379367499999996 0.42155611718749997 0.4795509421875 0.42794377499999997 0.48044866875 0.42891021093750004 0.46374066562499994 0.421796771875 0.46379367499999996
2 0.45922120624999996 0.6862685468749999 0.45201034531250006 0.6785877765625 0.4330891859375 0.674174015625 0.39437761875 0.6869809390625 0.39471638750000004 0.6873794640625001 0.393073340625 0.7145197703124999 0.44160953750000004 0.7174810453125 0.4622712796875 0.703891946875 0.45922120624999996 0.6862685468749999
2 0.447988621875 0.6145072890625001 0.420163340625 0.6074384828125 0.40182403593749993 0.6171430203125 0.396308521875 0.6297025625 0.3989716984375 0.6500788953125001 0.4086014875 0.6503795343750001 0.40869821249999994 0.6496913015625 0.446926734375 0.6473438828125 0.45336101875 0.6268424609375 0.447988621875 0.6145072890625001
2 0.4060292453125 0.5591315359375 0.4006600953125 0.5860990859374999 0.41822617968750003 0.58891875 0.438405340625 0.591403834375 0.451325278125 0.586552265625 0.45384047031249997 0.572869228125 0.43864460312500003 0.5588025421875 0.41894941562500004 0.557087303125 0.4060292453125 0.5591315359375
2 0.43713969375 0.5006903781250001 0.4202999703125 0.5039383203125001 0.4141549359375 0.51114569375 0.41347844218749996 0.5229816640625 0.43138341249999995 0.5276035203125 0.450062296875 0.5281231890625 0.458239246875 0.514884946875 0.45204457500000006 0.50699608125 0.43713969375 0.5006903781250001
2 0.4210261 0.5071985890625 0.45175463125000004 0.511868115625 0.45930345 0.510121728125 0.45818960937500003 0.4997887078125 0.45218850312500003 0.491927046875 0.4392676390625 0.485549265625 0.430315615625 0.4888530125 0.41865414375 0.497390578125 0.4210261 0.5071985890625
2 0.44333610781250005 0.471457765625 0.4255256828125 0.47318929687500005 0.42238860312500004 0.493392203125 0.44662258593750004 0.49256344375000005 0.45786355156249997 0.4909672890625 0.455380759375 0.47897313906249994 0.44333610781250005 0.471457765625