1 0.41936440625 0.8988987875 0.42007435312499997 0.923626403125 0.4913576234375 0.9095173453125 0.48762156875 0.8868217515625 0.41936440625 0.8988987875
3 0.41228278281249997 0.8599331875 0.413763115625 0.9128509625 0.4874555734375 0.8932570500000001 0.47993166093750006 0.8448979671875 0.41228278281249997 0.8599331875
3 0.411141128125 0.8104731015625 0.41226551406249995 0.8589438890625001 0.479653421875 0.8449028234375 0.473537978125 0.79750875625 0.411141128125 0.8104731015625
3 0.40984211249999997 0.7679429640625 0.41085425468750003 0.809983309375 0.47383348593749997 0.7984932 0.46977796875 0.7574955765625 0.40984211249999997 0.7679429640625
3 0.40983737343750004 0.7357810375 0.4103899578125 0.7674386015625 0.469247390625 0.7589892390624999 0.46561689375000004 0.7263957984375 0.40983737343750004 0.7357810375
3 0.4092588859375 0.702639525 0.4100983453125 0.73478688125 0.466164740625 0.7258914359374999 0.4622732734375 0.6942921531249999 0.4092588859375 0.702639525
3 0.4093577453125 0.6751943390624999 0.409511040625 0.703138134375 0.46187647187499997 0.694791521875 0.4577315609375 0.6681066109375 0.4093577453125 0.6751943390624999
3 0.40906839531249994 0.6490367359375 0.409535303125 0.675785846875 0.4577211859375 0.6675121859375001 0.4549811734375 0.644667690625 0.40906839531249994 0.6490367359375
3 0.40903442031250004 0.6279288249999999 0.409402759375 0.6490308984375 0.45496561093750004 0.6437760546875 0.452068790625 0.6215289015625001 0.40903442031250004 0.6279288249999999
3 0.408760634375 0.6026628578125 0.409363596875 0.627625775 0.45239796718749997 0.621225853125 0.44916159687499996 0.598687325 0.408760634375 0.6026628578125
3 0.4489014328125 0.593363278125 0.4474406390625 0.5767398140625 0.408570253125 0.5821751453124999 0.4093208171875 0.596432584375 0.4489014328125 0.593363278125
3 0.4474776625 0.5773605125 0.44694849531249997 0.5628633796875 0.44522473281249997 0.5605221640625 0.408558903125 0.56710110625 0.40930427812500003 0.58106133125 0.4474776625 0.5773605125
3 0.40826358906250004 0.5667932140625 0.4464205625 0.5599654921874999 0.44559358437499996 0.547120746875 0.40892906250000005 0.55311871875 0.40836281406249997 0.5638445859375001 0.40826358906250004 0.5667932140625
0 0.4166269859375 0.8223986671875 0.42017398437500003 0.8588768124999999 0.430857196875 0.85610343125 0.42859998125 0.8205728609375 0.4166269859375 0.8223986671875
0 0.415655184375 0.7771447625000001 0.4186805171875 0.8045778390624999 0.41932194999999994 0.81006381875 0.42747073750000003 0.8079814015625001 0.42653716093750005 0.7753379984375 0.4158257359375 0.77649505625 0.415655184375 0.7771447625000001
0 0.4142281546875 0.7370726140625 0.416645909375 0.7609593 0.4254881859375 0.756924596875 0.42364979687500004 0.734967978125 0.4142281546875 0.7370726140625
0 0.42251745625000003 0.7013579562500001 0.41345948750000006 0.70345624375 0.4155248546875 0.72799580625 0.423844190625 0.725263684375 0.42251745625000003 0.7013579562500001
0 0.4218334265625 0.6725905562500001 0.413093990625 0.6720963765625 0.41550046093750004 0.6953365328125 0.42309809375 0.6929403734374999 0.4218334265625 0.6725905562500001
0 0.42062645937500004 0.6451257390625 0.41228455156250005 0.6465648015625 0.4147135921875 0.6710980171875 0.4218052140625 0.6709742328125 0.42062645937500004 0.6451257390625
0 0.4120431921875 0.6223167625 0.413654603125 0.6416904375 0.42055310468749996 0.6409232968749999 0.4197028953125 0.623476515625 0.41223631406249994 0.62296011875 0.4120431921875 0.6223167625
0 0.41242069687500005 0.602261646875 0.41344145781249997 0.619058721875 0.419839590625 0.620887221875 0.41949539218750004 0.6011680671875 0.41242069687500005 0.602261646875
0 0.4117184671875 0.5828721015625 0.412915421875 0.599342740625 0.4196377296875 0.5989020390625 0.419190690625 0.583711765625 0.4117184671875 0.5828721015625
0 0.4194979375 0.5804727671875 0.418323553125 0.5652951890625 0.412152396875 0.566049634375 0.4121580390625 0.5663728984375 0.4129574671875 0.5809102953124999 0.4194979375 0.5804727671875
0 0.41135297031249995 0.5515122375 0.4130785078125 0.5670035578125 0.41903961250000005 0.5646359640624999 0.41768339218749995 0.549461559375 0.41135297031249995 0.5515122375
0 0.41797498437499997 0.53490511875 0.410922859375 0.5372917578124999 0.41244399062500003 0.55149319375 0.41808092031250005 0.5513948 0.41797498437499997 0.53490511875
2 0.4168226546875 0.8023467249999999 0.4753075625 0.787097878125 0.477810678125 0.763772025 0.4695615984375 0.749688025 0.43456435468750004 0.7454484546875 0.4103154875 0.763009978125 0.4168226546875 0.8023467249999999
2 0.4637992578125 0.7530222421875 0.46616440625 0.74263333125 0.4697516234375 0.72931281875 0.45553015312499995 0.716949884375 0.43397752343749996 0.711828909375 0.41145109843750005 0.723863190625 0.411104353125 0.7248393328125 0.41408327187499994 0.760033940625 0.4637992578125 0.7530222421875
2 0.4146025625 0.6959989328125 0.413104553125 0.72480441875 0.43758476718750006 0.7204967546875001 0.4630362328125 0.719729134375 0.4697315984375 0.707324459375 0.46401130312500005 0.6922262296875 0.4465844859375 0.68379960625 0.427565009375 0.6883353171875 0.426473990625 0.6883543609375 0.4146025625 0.6959989328125
2 0.4092448375 0.5974666296875 0.40899274375 0.614285925 0.4303296796875 0.617470484375 0.445450321875 0.61882336875 0.451133665625 0.610963446875 0.45219210312499997 0.5986571640625 0.4419020515625 0.5926928734375 0.43146401718750005 0.588671346875 0.43128217968750004 0.5886745203125 0.4092448375 0.5974666296875
2 0.4355547015625 0.59377375625 0.4503173125 0.595456253125 0.4505455625 0.58769155 0.4478475015625 0.579007834375 0.4352612859375 0.5769639843750001 0.42612432031249997 0.5745365640625 0.41085442656250004 0.5854740921875 0.41068260156249997 0.5964714437499999 0.4355547015625 0.59377375625
2 0.4231685234375 0.5823488765625 0.436590565625 0.5801744140625 0.45129110937499994 0.5783009984375 0.4496219984375 0.5660423265625 0.44005364843750006 0.5597420765625001 0.42743922031250003 0.5560819 0.41372121406250006 0.562141890625 0.4121849796875 0.578336871875 0.4231685234375 0.5823488765625
2 0.426523121875 0.5661221546874999 0.43816629999999995 0.5662422859375 0.44970226718750006 0.5602203859375 0.4495668453125 0.552462028125 0.43986744218749996 0.5490743359375 0.431969478125 0.54468510625 0.41982593125 0.5471606171875 0.4126471234375 0.563130728125 0.426523121875 0.5661221546874999