1 0.4538579921875 0.8400345031249999 0.4575211375 0.863734978125 0.5253996875 0.8401339046875 0.5200099734375 0.8194104812499999 0.4538579921875 0.8400345031249999
3 0.4439900203125 0.7999209125 0.4504398546875 0.8509310328125 0.520228996875 0.8264563078125 0.5097476140625 0.7793313937499999 0.4439900203125 0.7999209125
3 0.5096862718749999 0.7786302625 0.501211821875 0.73627525625 0.439584834375 0.753593771875 0.4450504984375 0.7984151359375 0.5096862718749999 0.7786302625
3 0.434867515625 0.7138196812500001 0.43878468593750003 0.749508409375 0.4994502515625 0.7343098765625 0.49304407968749997 0.6974259125 0.434867515625 0.7138196812500001
3 0.493377125 0.696690275 0.4850603578125 0.6606799624999999 0.43279959687499997 0.676556165625 0.430766321875 0.67602755625 0.4350778796875 0.7116817796875 0.493377125 0.696690275
3 0.42742756249999997 0.6424077203125 0.432072165625 0.6773263078125 0.4850603578125 0.6606799624999999 0.47881186875 0.6301406890625 0.42742756249999997 0.6424077203125
3 0.4782947984375 0.6287729296875 0.472265334375 0.6052794828125 0.4255523265625 0.616431328125 0.42894376875000007 0.6415685703125 0.4782947984375 0.6287729296875
3 0.46720000468749995 0.5746366968750001 0.422309909375 0.588455053125 0.42634110156249994 0.61636231875 0.472475696875 0.60314158125 0.46787475624999997 0.5823491484375001 0.46720000468749995 0.5746366968750001
3 0.4668669578125 0.5753723328125 0.46290576874999995 0.5573499234375 0.42034699375000006 0.5660188265625 0.423703434375 0.5862136390625 0.4668669578125 0.5753723328125
3 0.46031176250000005 0.5413273984375 0.418725784375 0.5520306890625 0.42131979062499997 0.5680532140625 0.46284442812500004 0.5566487921875 0.46031176250000005 0.5413273984375
3 0.45943833281249996 0.5409228734375 0.456487365625 0.5251350796875001 0.41811804218750004 0.53511964375 0.4193770671875 0.5517531140624999 0.45943833281249996 0.5409228734375
3 0.41597625625 0.51960988125 0.41766802187499996 0.5344613640625 0.45665180312500003 0.52477186875 0.4545100171875 0.50926210625 0.41597625625 0.51960988125
3 0.41431477812499995 0.5051045734375 0.4157815328125 0.5196269171875 0.4545100171875 0.50926210625 0.45191821093750006 0.4930940640625 0.41431477812499995 0.5051045734375
0 0.44510415156249994 0.7650763984375 0.452070565625 0.7976053296875001 0.46201448593750005 0.7946423984375001 0.456679440625 0.7605754359375 0.44510415156249994 0.7650763984375
0 0.44001157500000004 0.718081684375 0.44525148437500006 0.746575759375 0.45555456562499996 0.7432325796875 0.450929115625 0.71503356875 0.44001157500000004 0.718081684375
0 0.445979240625 0.6763981796875 0.4359011703125 0.6800705 0.441063225 0.7054319609374999 0.44961379375000005 0.702242103125 0.445979240625 0.6763981796875
0 0.44223227343750005 0.64254110625 0.43189890625 0.645538109375 0.4382638671875 0.6756778859375 0.445810528125 0.6722270359375 0.44223227343750005 0.64254110625
0 0.43796598593749997 0.613961846875 0.4295322875 0.6140020500000001 0.4323836671875 0.6353797625000001 0.439783171875 0.6347323890625 0.43796598593749997 0.613961846875
0 0.4351839078125 0.5866480390625 0.42685835 0.5901670343750001 0.43027662031249997 0.609053371875 0.4372866765625 0.608440071875 0.4351839078125 0.5866480390625
0 0.432661403125 0.5645439031249999 0.4240199765625 0.5666952296875001 0.42806570937500005 0.583782546875 0.43417572499999996 0.5818526875 0.432661403125 0.5645439031249999
0 0.4228172484375 0.54621975625 0.42501960624999996 0.5624218703125 0.432315246875 0.562830059375 0.4300220296875 0.5455894203125 0.4228172484375 0.54621975625
0 0.42040288437499995 0.5275944124999999 0.42296440312500005 0.543416278125 0.42997446093749997 0.542802978125 0.42763795312499997 0.5273102515625 0.42040288437499995 0.5275944124999999
0 0.4191438578125 0.51096094375 0.4212986484375 0.5243766140624999 0.4273048015625 0.5235023187500001 0.42615391718750006 0.5103476421875001 0.4191438578125 0.51096094375
0 0.41742180624999997 0.495763284375 0.419260728125 0.5078112890625001 0.42610634843749995 0.5075611999999999 0.4246265875 0.495132946875 0.41742180624999997 0.495763284375
0 0.41565646406249995 0.482313540625 0.4189665921875 0.497721084375 0.42539247812500003 0.4971588921875 0.4225756625 0.4806617125 0.41565646406249995 0.482313540625
2 0.4395309140625 0.7484715484375 0.44783866093749997 0.789603765625 0.5053862328125 0.767825384375 0.5027643171875 0.7356140078125 0.4876884515625 0.729258815625 0.43950062812499996 0.748125371875 0.4395309140625 0.7484715484375
2 0.5021676703125 0.690667728125 0.4934138265625 0.6848059078125 0.473984734375 0.6847616046875 0.43914627343749996 0.7059484968749999 0.4395660078125 0.7062606 0.44407031249999995 0.7330749078125 0.492028671875 0.7250420156249999 0.5091039734375 0.7071533249999999 0.5021676703125 0.690667728125
2 0.47508020625 0.6232724890625 0.4463779484375 0.62264418125 0.43069172499999997 0.6362254390625 0.42814285625000004 0.6497038015625 0.435321453125 0.66895880625 0.4447720609375 0.6670855078125 0.44471148749999995 0.6663931562500001 0.48143216093749996 0.6555063546875 0.4830897171875 0.6340829859375 0.47508020625 0.6232724890625
2 0.4225437875 0.621589971875 0.42874448593750003 0.6363958000000001 0.468476878125 0.6262919828125 0.47603654375 0.6207470421875 0.4747948 0.6065538375 0.4618608953125 0.60001125 0.44538294843750004 0.60005758125 0.4280135125 0.6078560671875 0.4225437875 0.621589971875
2 0.4217394109375 0.57875481875 0.42257425 0.6062389890625 0.4403244046875 0.6050348765625 0.460545396875 0.60291694375 0.47204283281250004 0.5952833656250001 0.47141554531249996 0.5813852296875 0.45344483281250003 0.571097396875 0.43386858593750005 0.573856575 0.4217394109375 0.57875481875
2 0.430333446875 0.5581198875 0.4214885671875 0.5669166999999999 0.42117252031249997 0.58124619375 0.4352834953125 0.58105811875 0.46143706250000005 0.5794676296875 0.468529428125 0.57082414375 0.4661669078125 0.5595195984375 0.4581183828125 0.554991371875 0.4426573453125 0.5532046078125 0.430333446875 0.5581198875
2 0.43890609999999997 0.5148131765625 0.42322860625000003 0.5217659875 0.41886237499999995 0.53017096875 0.42086573437499997 0.5418557609375 0.4393514921875 0.54233141875 0.45766853750000003 0.5386359328125 0.46265795625 0.523897571875 0.45484744531250004 0.5176043953125 0.43890609999999997 0.5148131765625
2 0.4246695265625 0.5247793515625 0.45566090312499996 0.5224167828125 0.46262339375000006 0.519017040625 0.4592136765625 0.5091994140625 0.451597890625 0.5028892015624999 0.43757349687499997 0.499581446875 0.42959409531250003 0.504814284375 0.420152040625 0.51575629375 0.4246695265625 0.5247793515625
2 0.43836779375 0.48493590312499996 0.421403359375 0.4906295296875 0.422891346875 0.5110203249999999 0.44631778437499997 0.504761346875 0.45691158749999994 0.500677434375 0.4517943328125 0.4895492015625 0.43836779375 0.48493590312499996