1 0.4685789859375 0.9057524640624999 0.472297178125 0.9302092421875001 0.541329653125 0.9075181062500001 0.53485555 0.8854469921874999 0.4685789859375 0.9057524640624999
3 0.456801434375 0.8679403390625 0.4647197890625 0.9202832671875001 0.5354750562499999 0.8918545531250001 0.5221137359375 0.844772865625 0.456801434375 0.8679403390625
3 0.449640621875 0.8189880546874999 0.4566637296875 0.8669605203125 0.5218381625 0.8448115953125 0.50999241875 0.7985160812500001 0.449640621875 0.8189880546874999
3 0.44316816875000004 0.776933240625 0.4492961953125 0.8185368734375 0.5104056984375 0.799457171875 0.50138405625 0.7592593812499999 0.44316816875000004 0.776933240625
3 0.4392439125 0.745011621875 0.4436504640625 0.7763658703125 0.5010394640625 0.760806571875 0.4934638890625 0.728898525 0.4392439125 0.745011621875
3 0.434630803125 0.7121876406250001 0.4393817828125 0.7439930703125001 0.49394618437500004 0.72833115625 0.48623273906250003 0.697441659375 0.434630803125 0.7121876406250001
3 0.43138419843750003 0.6849349796875 0.4349418421875 0.712651803125 0.485899753125 0.6979856640625 0.4785336671875 0.672004796875 0.43138419843750003 0.6849349796875
3 0.42790919531249993 0.6590076125000001 0.43163251875 0.6855004390625 0.4784509265625 0.6714160671875 0.47294729375 0.649075775 0.42790919531249993 0.6590076125000001
3 0.425303065625 0.638061178125 0.4282403546875 0.6589610718750001 0.47282318281249996 0.6481926812500001 0.467236709375 0.6264643875 0.425303065625 0.638061178125
3 0.42195217500000004 0.61301690625 0.42559285625000004 0.637720271875 0.46752649999999996 0.6261234828125 0.461567496875 0.6041473671875 0.42195217500000004 0.61301690625
3 0.4606604359375 0.5988947109375 0.45718463906249995 0.5825731828125 0.4192663890625 0.5927051078125001 0.42174890156249994 0.606764803125 0.4606604359375 0.5988947109375
3 0.45729703125 0.5831847421874999 0.45500505156250004 0.56886015625 0.45300881562499995 0.5667464671875 0.417418059375 0.5777448109375001 0.41985920156249995 0.591510140625 0.45729703125 0.5831847421874999
3 0.41708742499999996 0.5774752046875 0.454127890625 0.566048209375 0.4517416953125 0.5533999890625 0.416081434375 0.5638215359375 0.4168265625 0.5745364625 0.41708742499999996 0.5774752046875
0 0.45653895 0.8301561703125 0.4645050765625 0.86593014375 0.4747706671875 0.8618754781250001 0.4682001890625 0.8268848328124999 0.45653895 0.8301561703125
0 0.45005932812499994 0.7853580140624999 0.45640536093749995 0.8122179140625001 0.4577105859375 0.8175848312499999 0.46554485 0.8145248484375 0.460640003125 0.7822385390625 0.45014942812500003 0.7846923671875 0.45005932812499994 0.7853580140624999
0 0.44375936875 0.74575846875 0.4490701578125 0.76917245625 0.45735481718750004 0.7640902265625 0.45285429375 0.7425213125 0.44375936875 0.74575846875
0 0.44763436093750003 0.7092998109375 0.4388996265625 0.712486346875 0.44394021875 0.7365912906250001 0.45186458281249997 0.7328656609374999 0.44763436093750003 0.7092998109375
0 0.44344956562500004 0.6808302015625001 0.43471504687499996 0.6814047750000001 0.43993584218750004 0.704178428125 0.44718482656249997 0.700874209375 0.44344956562500004 0.6808302015625001
0 0.4389044765625 0.6537171953125 0.4308001265625 0.656162153125 0.43620090625 0.6802164765625001 0.4432245828125 0.6792293640625 0.4389044765625 0.6537171953125
0 0.4276054734375 0.6321242703125 0.4315659296875 0.6511571546875 0.4383195203125 0.6495550171875 0.43534941875 0.6323418953125 0.42787556093749995 0.6327392953125 0.4276054734375 0.6321242703125
0 0.425536059375 0.6121726359374999 0.4285962609375 0.628720109375 0.435169540625 0.62975524375 0.43242474687500004 0.61022501875 0.425536059375 0.6121726359374999
0 0.4224760734375 0.5930131984375 0.42567137187500004 0.6092151953125 0.4322898640625 0.6079585359374999 0.429994928125 0.5929359671875 0.4224760734375 0.5930131984375
0 0.42990515 0.58968366875 0.4268898390625 0.57476234375 0.420856625 0.5762632390625 0.420901621875 0.5765834062499999 0.42346675468750006 0.59091501875 0.42990515 0.58968366875
0 0.41829149374999997 0.561931628125 0.4218920875 0.5770971890625 0.42752022187499994 0.574020765625 0.424324815625 0.5591247515625 0.41829149374999997 0.561931628125
0 0.42284025 0.5446412765625 0.4161315484375 0.5478695625000001 0.4193720609375 0.5617797640625 0.42495498437499996 0.5609951359375 0.42284025 0.5446412765625
2 0.45428944375 0.810229846875 0.5104800468749999 0.7879671453125 0.5101217984375 0.76451010625 0.5002177984375 0.751536396875 0.46496474374999996 0.75159351875 0.4430368359375 0.771979334375 0.45428944375 0.810229846875
2 0.4949047484375 0.7555480140624999 0.495986175 0.7449483 0.49792329375 0.7312899046875 0.4823011640625 0.7207522843749999 0.46028509531250006 0.718296084375 0.4393931875 0.7329859437499999 0.43916798906250004 0.73399706875 0.44641384687499996 0.768566303125 0.4949047484375 0.7555480140624999
2 0.4391253625 0.7049453156250001 0.441149025 0.7337186515624999 0.464921796875 0.726459709375 0.4900900015625 0.7225960578125 0.4952237109375 0.709467884375 0.487706040625 0.6951793234375 0.46938217499999996 0.6889393046875 0.45105723124999997 0.6957590984375 0.44997666406250003 0.6959109625 0.4391253625 0.7049453156250001
2 0.42179950625 0.6078004 0.42359904843749996 0.62452505 0.44516504218749997 0.625085553125 0.460337853125 0.6245856109375 0.4650209515625 0.61609165 0.46457173906250004 0.6037481046875001 0.4536315234375 0.5990823125 0.44278119218749995 0.5963628390625 0.4426010984375 0.59638815 0.42179950625 0.6078004
2 0.44746321250000004 0.6009286875 0.4623208296875 0.600799534375 0.46160110000000004 0.593064890625 0.4578648703125 0.5847747125 0.4451233890625 0.5842799703125 0.43575869999999994 0.582984159375 0.421935575 0.59570109375 0.423105271875 0.6066374125 0.44746321250000004 0.6009286875
2 0.43377701718750006 0.5910984625 0.4468340140625 0.587304471875 0.4611966703125 0.583653475 0.45804604375 0.571689590625 0.44778120781249997 0.5666023906250001 0.4348147421875 0.564506809375 0.421937515625 0.5721934328125 0.422386403125 0.5884549203125 0.43377701718750006 0.5910984625
2 0.4351290703125 0.57458386875 0.44670010156249995 0.5732841578125 0.45741619843750003 0.5659012625 0.4563362796875 0.5582172390625 0.44629631875 0.5560368578125 0.4379223109375 0.552642865625 0.42617097031249995 0.5565798515625 0.4209919390625 0.5733057984375 0.4351290703125 0.57458386875