1 0.37810985937499997 0.8882848640625 0.376231178125 0.912951228125 0.44859874843750003 0.9063705921875 0.447255496875 0.8834088031249999 0.37810985937499997 0.8882848640625
3 0.37514004375 0.8487924890625 0.3710808546875 0.9015751125 0.4464177375 0.8897914968749999 0.44398994218750004 0.8409108671875 0.37514004375 0.8487924890625
3 0.37917463125 0.799484015625 0.3752262796875 0.84780680625 0.4437127203125 0.8408866140625 0.44258480625 0.7931129375 0.37917463125 0.799484015625
3 0.382328340625 0.757051078125 0.37894052500000003 0.7989669203124999 0.44277579375 0.7941228765624999 0.4430279125 0.752925925 0.382328340625 0.757051078125
3 0.3856854640625 0.72506484375 0.38292590625 0.75660674375 0.442344109375 0.7543559453124999 0.44214044374999995 0.721561565625 0.3856854640625 0.72506484375
3 0.388574378125 0.6920444156250001 0.386048925 0.7241034125 0.442738009375 0.7211172312499999 0.44217088281250005 0.6892842828125 0.388574378125 0.6920444156250001
3 0.39154149843749997 0.6647599109375 0.38877303125 0.6925666500000001 0.4417240578125 0.6897394390625 0.44039118750000006 0.66276745 0.39154149843749997 0.6647599109375
3 0.393987946875 0.63871535625 0.39165625312499996 0.6653667375000001 0.44044300156249994 0.662175196875 0.4401059 0.6391694375 0.393987946875 0.63871535625
3 0.3961605359375 0.6177195249999999 0.3943210890625 0.6387445015625001 0.44018362343749995 0.638281059375 0.4396281328125 0.6158529765625 0.3961605359375 0.6177195249999999
3 0.3985292625 0.5925633484375 0.3965195875 0.61745254375 0.43998718437499995 0.6155859984375 0.439124459375 0.5928326453125 0.3985292625 0.5925633484375
3 0.4394222359375 0.5875105703125 0.4397070703125 0.5708254765625 0.40048147343749996 0.5721679703125 0.3997376171875 0.5864257609375 0.4394222359375 0.5875105703125
3 0.439679009375 0.57144664375 0.44066810468749995 0.5569736140625 0.43919850781249997 0.5544650421874999 0.4020458515625 0.557175321875 0.401327903125 0.571136984375 0.439679009375 0.57144664375
3 0.4017843390625 0.5568382484375001 0.4404459765625 0.55403641875 0.44096616875 0.5411755953124999 0.4038755390625 0.5433082234375 0.40219123593750006 0.5539161453125 0.4017843390625 0.5568382484375001
0 0.383383875 0.81191768125 0.3830984375 0.8485667578125 0.3940130234375 0.8469252671874999 0.3954821296875 0.8113533953125 0.383383875 0.81191768125
0 0.38714771875 0.7668101 0.387288940625 0.7944091296875 0.38735341874999996 0.7999321046875 0.3956752375 0.798712875 0.398158940625 0.766150709375 0.387385246875 0.76618178125 0.38714771875 0.7668101
0 0.3899171859375 0.7268083062499999 0.3898248578125 0.7508168625 0.3990404359375 0.7477285328125001 0.399507209375 0.7257000296875 0.3899171859375 0.7268083062499999
0 0.4018942765625 0.6921557640625 0.392666596875 0.6932957421875 0.3921555671875 0.717916765625 0.4007149140625 0.7160692171874999 0.4018942765625 0.6921557640625
0 0.4042210046875 0.6634744546875 0.39558110156250004 0.6620694640625 0.3955451296875 0.6854338531249999 0.40335160937500003 0.6838449875 0.4042210046875 0.6634744546875
0 0.40589150468749996 0.63603393125 0.3974448734375 0.6365931421875 0.3972961875 0.6612458671875 0.4043618984375 0.6618640359375 0.40589150468749996 0.63603393125
0 0.399739446875 0.6124527078125 0.3993169296875 0.6318886906250001 0.40625782812500005 0.6318468421875 0.4072359609375 0.6144067640624999 0.3998642609375 0.6131127265625 0.399739446875 0.6124527078125
0 0.40221121249999997 0.5925469156250001 0.401470609375 0.609358675 0.40764256249999997 0.6118459453125 0.4093614609375 0.592198834375 0.40221121249999997 0.5925469156250001
0 0.4035395890625 0.5731901859375 0.4030083359375 0.5896957140625 0.409739884375 0.5899600984375 0.4108831109375 0.5748063109375 0.4035395890625 0.5731901859375
0 0.411527240625 0.571617171875 0.4119457796875 0.55639998125 0.40572956875 0.55650523125 0.405701390625 0.556827315625 0.40497686718750003 0.5713686375 0.411527240625 0.571617171875
0 0.40645409375 0.5419639093749999 0.40655089375 0.5575507359375 0.412726825 0.5558192156249999 0.412964190625 0.540586175 0.40645409375 0.5419639093749999
0 0.414775746875 0.52613995625 0.4075127828125 0.527776371875 0.4075411265625 0.5420590125 0.41315746249999996 0.542550378125 0.414775746875 0.52613995625
2 0.3856744703125 0.7919960374999999 0.44543293124999994 0.7829440640625001 0.45036054999999997 0.7600076375 0.44362883750000004 0.7451385296875 0.40926646875 0.7372639750000001 0.3833147609375 0.752194596875 0.3856744703125 0.7919960374999999
2 0.43754954375 0.7478521515625001 0.440987671875 0.737767378125 0.4459476109375 0.724894803125 0.433096325 0.7111130453125 0.41219705156249997 0.703767259375 0.388536103125 0.7133809640625 0.388089221875 0.7143155140624999 0.387372984375 0.7496287046875 0.43754954375 0.7478521515625001
2 0.3945829109375 0.6859987671875001 0.39008211406250004 0.71448986875 0.4148784984375 0.7127646828125 0.4402707765625 0.7146616703124999 0.4482261046875 0.7030248046875001 0.44411534062499997 0.6874113515625 0.42766481250000005 0.677209290625 0.408275415625 0.679732078125 0.40718838125 0.679636975 0.3945829109375 0.6859987671875001
2 0.3995539671875 0.5874462 0.397545159375 0.6041470062500001 0.41843233281250003 0.6095444375 0.4333287265625 0.6124704484375 0.439802521875 0.6052476546875 0.44214151875 0.5931194234375 0.43253127343750003 0.5861122015625 0.42257078437500006 0.581021634375 0.42238961249999996 0.5810057843750001 0.3995539671875 0.5874462
2 0.42610571249999996 0.5865236859375 0.4406115828125 0.5897400796875 0.441650215625 0.5820417703125 0.4398746296875 0.5731236 0.4275710046875 0.569775328125 0.4187378265625 0.5664061328125001 0.4024083 0.57568760625 0.40108788124999994 0.586606753125 0.42610571249999996 0.5865236859375
2 0.4149816125 0.573866684375 0.428557421875 0.5731071203125 0.44337325937500005 0.5727805921875 0.442994671875 0.5604146046875 0.43413729375 0.553148703125 0.42197456093749997 0.5481900109375 0.4076982625 0.55278288125 0.40447760625000007 0.5687285656250001 0.4149816125 0.573866684375
2 0.4200139890625 0.55807950625 0.43158082656249996 0.559416021875 0.44368305937499997 0.554632946875 0.44435934843749997 0.5469029359375 0.435067190625 0.5425199375 0.42767129062500003 0.5373291906250001 0.41533550625000004 0.5385217953125 0.40652669374999995 0.5536540296875 0.4200139890625 0.55807950625