1 0.37135191875 0.8860984500000001 0.3690430359375 0.9107282703124999 0.44151443281249997 0.9054116249999999 0.4405721234375 0.8824298890625 0.37135191875 0.8860984500000001
3 0.3690717921875 0.8465602593750001 0.36409203749999997 0.8992640015625 0.4396230984375 0.888796990625 0.43804875781249997 0.8398814343750001 0.3690717921875 0.8465602593750001
3 0.373966315625 0.797329709375 0.3691752171875 0.8455762312499999 0.4377720015625 0.839852346875 0.437478025 0.7920662625 0.373966315625 0.797329709375
3 0.3778601015625 0.754958275 0.3737412703125 0.79680860625 0.43765135781250003 0.7930793796875 0.43862242343749996 0.751893103125 0.3778601015625 0.754958275
3 0.3817749515625 0.7230355015625001 0.37846533125000004 0.7545244375 0.4379137671875 0.753310971875 0.43828247343750004 0.7205180328125 0.3817749515625 0.7230355015625001
3 0.3852397109375 0.6900705203124999 0.3821551359375 0.7220805593749999 0.438887703125 0.7200841953125 0.438876225 0.688246196875 0.3852397109375 0.6900705203124999
3 0.38868255937499996 0.6628419562500001 0.3854292203125 0.69059614375 0.43842152343749996 0.6886934859375 0.43755958125000005 0.66170234375 0.38868255937499996 0.6628419562500001
3 0.3915831765625 0.6368440625 0.3887867078125 0.6634506921875001 0.43762172499999996 0.661111084375 0.43768618125 0.6381029453125 0.3915831765625 0.6368440625
3 0.3941218625 0.615889346875 0.391915759375 0.63687901875 0.437779396875 0.6372160578125 0.437615415625 0.6147816984375 0.3941218625 0.615889346875
3 0.3969292640625 0.5907783421875 0.39448551875 0.6156286734374999 0.4379790703125 0.6145210265625 0.437513578125 0.59175608125 0.3969292640625 0.5907783421875
3 0.43790419218750004 0.5864400140625 0.438480178125 0.5697624328125 0.3992371265625 0.5704201421875 0.39824455 0.5846627765625 0.43790419218750004 0.5864400140625
3 0.43844128125 0.5703830156249999 0.4396828140625 0.555929453125 0.438257221875 0.5533956156250001 0.4010629234375 0.555457078125 0.40010141875 0.569404084375 0.43844128125 0.5703830156249999
3 0.40080733437499994 0.5551154921875 0.43951198125 0.5529888281249999 0.440256546875 0.540139040625 0.40313434687500005 0.5416240250000001 0.40126516562500003 0.5522009359375 0.40080733437499994 0.5551154921875
0 0.377957921875 0.8098349421875 0.3770329140625 0.84647345625 0.3879744859375 0.8450227015625 0.39006418125 0.8094818859374999 0.377957921875 0.8098349421875
0 0.382508428125 0.76479991875 0.382167959375 0.792397209375 0.38213603749999997 0.79792046875 0.39047786875 0.7968466609375 0.39352948125 0.7643328031250001 0.3827568875 0.7641758421875 0.382508428125 0.76479991875
0 0.3859756015625 0.7248525515625001 0.38546427968749997 0.748855840625 0.394732353125 0.7459288140625 0.39558350625 0.7239118140625 0.3859756015625 0.7248525515625001
0 0.3985556375 0.6904143171875 0.38930946875 0.6913930765625 0.38836882031250003 0.7160014296874999 0.3969591078125 0.7143035453125 0.3985556375 0.6904143171875
0 0.40138257031249996 0.6617779828125 0.392768503125 0.66022241875 0.392324771875 0.6835826218750001 0.40015779218749997 0.682130240625 0.40138257031249996 0.6617779828125
0 0.40353171874999993 0.6343707921874999 0.3950766140625 0.6347825046875 0.3944977015625 0.6594288796875001 0.4015515484375 0.6601702687500001 0.40353171874999993 0.6343707921874999
0 0.3977921453125 0.61068579375 0.3970304890625 0.630111440625 0.40397106093749996 0.630190734375 0.405253415625 0.612770384375 0.3979054234375 0.6113478890625 0.3977921453125 0.61068579375
0 0.4006109390625 0.5908261703125001 0.39957704375 0.60762244375 0.40570464843750004 0.6102170515625 0.407766175 0.5906029312500001 0.4006109390625 0.5908261703125001
0 0.4022769359375 0.5714955734375 0.401457703125 0.5879893140625 0.4081836109375 0.588371140625 0.40959113281250004 0.5732396125 0.4022769359375 0.5714955734375
0 0.41029082343749995 0.5700622015625 0.41097487499999996 0.554854634375 0.40475777500000004 0.5548513796875 0.404723978125 0.5551729234375 0.403745784375 0.5696993859374999 0.41029082343749995 0.5700622015625
0 0.40573596875 0.5403249171875 0.40556072812500005 0.555911059375 0.41176593749999996 0.5542875875 0.4122691203125 0.539061009375 0.40573596875 0.5403249171875
0 0.414332521875 0.52464860625 0.4070421046875 0.5261580171875 0.40682117812499996 0.540438978125 0.41242808281250004 0.5410282875 0.414332521875 0.52464860625
2 0.38059585 0.789956309375 0.44050318749999995 0.7819486437500001 0.44583035156250006 0.759101709375 0.4393591671875 0.7441173812499999 0.40513945937500007 0.7356443203125 0.3789311296875 0.7501197484375 0.38059585 0.789956309375
2 0.4332334390625 0.7467244921875 0.436847046875 0.7367012578125001 0.44203088749999997 0.72391720625 0.42942208437499996 0.7099132609375001 0.40865419531249997 0.702203853125 0.3848290671875 0.7114031515625 0.3843659453125 0.712329759375 0.383033515625 0.747625071875 0.4332334390625 0.7467244921875
2 0.39135284062500003 0.68413065625 0.3863554921875 0.7125388703125 0.41117820624999996 0.7112467031249999 0.4365335109375 0.7135865578125 0.44469071875 0.7020903046875 0.440853071875 0.6864074859375 0.4245831 0.675919878125 0.405152628125 0.6781038890625 0.4040674203125 0.6779898281250001 0.39135284062500003 0.68413065625
2 0.39804311875 0.58567985625 0.39574314843749997 0.6023430609375 0.41653294062499996 0.6081042015625 0.4313760015625 0.61128974375 0.43797486562500004 0.604181034375 0.44052517187499995 0.592095471875 0.431038684375 0.5849215953125 0.4211685546875 0.5796579687500001 0.4209876875 0.5796389578125 0.39804311875 0.58567985625
2 0.42460692031249997 0.585220875 0.43905444843749997 0.588689940625 0.4402272765625 0.58101093125 0.4386076046875 0.57206313125 0.42636428750000005 0.5685006421875001 0.41759125625 0.5649777984375 0.40110223281249996 0.5739728687500001 0.3995914484375 0.5848673078125 0.42460692031249997 0.585220875
2 0.413705409375 0.572371659375 0.42729240781250005 0.571849140625 0.4421116875 0.5717812343750001 0.44194897343750006 0.5594105218750001 0.43321975156250003 0.5519911453125 0.42114541250000004 0.5468209390625 0.40679113281249996 0.5511639546875 0.40329267656249995 0.5670510015625 0.413705409375 0.572371659375
2 0.41901254374999997 0.5566747109375 0.4305542953125 0.55821289375 0.44273816093749996 0.553641759375 0.44354925312500004 0.5459247281249999 0.43433500468749997 0.5413802265625 0.427030821875 0.5360611953125 0.414676103125 0.537038328125 0.4056045390625 0.5520145234375 0.41901254374999997 0.5566747109375