1 0.398598165625 0.8941319703125 0.398012996875 0.9188628515625 0.46993698593750005 0.9085038093750001 0.467393846875 0.8856437890625 0.398598165625 0.8941319703125
3 0.39356554843749997 0.8548491468750001 0.3922743515625 0.9077718750000001 0.46689128125 0.8920615812499999 0.46190859843750004 0.8433750015625 0.39356554843749997 0.8548491468750001
3 0.39501400000000003 0.8053970953125 0.3936000796875 0.8538603 0.4616304859375 0.8433652890625 0.4580038375 0.795716115625 0.39501400000000003 0.8053970953125
3 0.39594261875000003 0.7628572578124999 0.3947531515625 0.8048929593749999 0.45824741874999997 0.796714675 0.4563431109375 0.7555609890625 0.39594261875000003 0.7628572578124999
3 0.3976211125 0.7307391609375 0.3965161109375 0.7623822578125 0.4557350859375 0.7570248359375 0.453815375 0.724286059375 0.3976211125 0.7307391609375
3 0.3987779109375 0.697612790625 0.39793375625 0.729760025 0.4543888671875 0.723811059375 0.4521565109375 0.6920514171875001 0.3987779109375 0.697612790625
3 0.40031300312500007 0.6702103921875 0.39900362500000003 0.6981239140625 0.45173411718749995 0.692529334375 0.44899146874999996 0.6656640671875 0.40031300312500007 0.6702103921875
3 0.401393034375 0.64407349375 0.4004593609375 0.67081038125 0.4490122171875 0.6650699140625 0.44747154843750003 0.642113325 0.401393034375 0.64407349375
3 0.4024638078125 0.62299273125 0.4017272453125 0.6440851640624999 0.447502671875 0.641222096875 0.445774146875 0.6188538234375 0.4024638078125 0.62299273125
3 0.4035127171875 0.5977470625 0.4028083953125 0.6227073265625 0.4461187328125 0.6185684203124999 0.4440663734375 0.5958914015625 0.4035127171875 0.5977470625
3 0.4440852046875 0.5905610343750001 0.44349641875 0.5738839 0.40439484062500003 0.5772774640625 0.40439819843749997 0.59155464375 0.4440852046875 0.5905610343750001
3 0.44350090625 0.5745056859375001 0.4437311859375 0.560000725 0.4421323140625 0.5575725046875 0.40517242031249995 0.5622234890625 0.40518615156250004 0.5762035921875001 0.44350090625 0.5745056859375001
3 0.404893625 0.5619005640625 0.443355640625 0.5570791796875 0.4432020375 0.5442087578125 0.4062738515625 0.5482796375000001 0.40514703281250003 0.5589611703124999 0.404893625 0.5619005640625
0 0.399868203125 0.8175934249999999 0.401501221875 0.8542072140625001 0.41231494062499996 0.8519967484375 0.41192034531250005 0.8163967390625 0.399868203125 0.8175934249999999
0 0.40126614062500005 0.772350678125 0.402851590625 0.7999044921875 0.4032050296875 0.805416525 0.411451634375 0.8037634359375 0.4122277625 0.771115909375 0.40147046093750005 0.7717107890625 0.40126614062500005 0.772350678125
0 0.40193828125 0.7322587625 0.4031025890625 0.7562392484375 0.41214390625 0.75267284375 0.41145715781250003 0.7306501015625 0.40193828125 0.7322587625
0 0.4120853828125 0.697026878125 0.40293001093749997 0.6986482328125 0.40370824687500007 0.723262259375 0.41215917031249993 0.72096928125 0.4120853828125 0.697026878125
0 0.412907859375 0.6682631046874999 0.4042062640625 0.667312215625 0.4053931390625 0.6906464671875 0.41310576718750003 0.6886512203125 0.412907859375 0.6682631046874999
0 0.41313994374999996 0.640772759375 0.40473415468749996 0.6417732671875 0.4058758953125 0.6663999875 0.4129642765625 0.66664751875 0.41313994374999996 0.640772759375
0 0.4057621703125 0.617545828125 0.40635743281250003 0.6369772859375 0.4132866296875 0.6365722375 0.41335067812500004 0.61910486875 0.40592135625000003 0.6181984093749999 0.4057621703125 0.617545828125
0 0.407188759375 0.597537953125 0.40732903125000003 0.6143654328125 0.4136227 0.6165262796875 0.4143109921875 0.596816134375 0.407188759375 0.597537953125
0 0.4075022640625 0.5781382296875 0.407835571875 0.5946489406250001 0.41457173125 0.5945606609375 0.4149203015625 0.5793678078125 0.4075022640625 0.5781382296875
0 0.41539664375 0.5761493296875 0.4150182015625 0.5609310890625 0.40881601874999995 0.5613615265624999 0.408804734375 0.5616846437499999 0.40884223906250006 0.57624395625 0.41539664375 0.5761493296875
0 0.408778515625 0.5468022140625 0.4096909359375 0.5623626125000001 0.41576778125 0.5603102421874999 0.41520758593749996 0.54508565625 0.408778515625 0.5468022140625
0 0.416260603125 0.530564425 0.4090932359375 0.5325787125 0.40986903750000003 0.546840296875 0.4155033921875 0.5470370515625 0.416260603125 0.530564425
2 0.40111304218750005 0.797579203125 0.4603158609375 0.7854121187499999 0.4640363265625 0.762249234375 0.4565356515625 0.7477528140625 0.42180825312500003 0.7416874390625 0.39667351875 0.75795580625 0.40111304218750005 0.797579203125
2 0.45060670937499997 0.7507808828125 0.453512328125 0.7405299921874999 0.45779177187500003 0.727415475 0.44423681718749997 0.714325190625 0.4229817359375 0.7080832546875 0.39985635625 0.7189221015625 0.399459 0.719878759375 0.40059189218749996 0.7551810390625 0.45060670937499997 0.7507808828125
2 0.4044618046875 0.6912609671875 0.40145828593750005 0.7199485765625 0.426130396875 0.7169280109375 0.45158715625 0.7174934703125 0.4589225578125 0.705456203125 0.4540002796875 0.6900792874999999 0.43703836249999994 0.6807521624999999 0.4178075703125 0.6842862546874999 0.41671705000000003 0.6842481734375 0.4044618046875 0.6912609671875
2 0.4042682046875 0.592583296875 0.403136203125 0.6093663484375 0.42427723124999994 0.6136632328125 0.4393063453125 0.615805615625 0.44539325781250005 0.6082539078125 0.4470943046875 0.5960198859375 0.43713050156250005 0.5895252281250001 0.42691724375 0.5849629296875001 0.4267354890625 0.5849565828125 0.4042682046875 0.592583296875
2 0.43073528281250006 0.5902724359375 0.44538960625 0.59272524375 0.4460239171875 0.5849831265625001 0.4437840234375 0.57617010625 0.43132202499999994 0.5734703453125001 0.422324621875 0.570568059375 0.40650322812499995 0.5806914328125 0.40575608281250003 0.591664721875 0.43073528281250006 0.5902724359375
2 0.4189640109375 0.578214971875 0.4324814625 0.5767459453125 0.44725990624999995 0.5756444640625 0.4462346515625 0.5633152359375 0.43700914375 0.5565228515625 0.42460356250000003 0.5522075046875 0.41058720156249995 0.55754124375 0.40820549218749996 0.57363363125 0.4189640109375 0.578214971875
2 0.42316325312499997 0.5621860546875 0.43478418750000003 0.5629153765625 0.4466195078125 0.5575054749999999 0.4468903109375 0.5497506624999999 0.4373815 0.5458599859375 0.4297240734375 0.541063425 0.41746761093750007 0.5429 0.40946283125000005 0.5584725140625 0.42316325312499997 0.5621860546875