1 0.459799440625 0.840788003125 0.4638756578125 0.8644209375 0.531331975 0.839638815625 0.5255814078125 0.8190126125000001 0.459799440625 0.840788003125
3 0.4492328921875 0.8008527421875 0.45657199375 0.8517425281250001 0.5259233640625001 0.8260535421874999 0.514621134375 0.77911873125 0.4492328921875 0.8008527421875
3 0.514547565625 0.7784187765625 0.505335209375 0.736218121875 0.44401985625 0.7546095375 0.45026692968750004 0.7993286859375 0.514547565625 0.7784187765625
3 0.438609103125 0.714923834375 0.44314853125000003 0.7505387640625 0.50353960625 0.7342837859375 0.496490696875 0.697517240625 0.438609103125 0.714923834375
3 0.49681085312500006 0.696775903125 0.4878668859375 0.6609162234375 0.43589116250000004 0.677702084375 0.4338489703125 0.677209040625 0.4387821234375 0.7127825875 0.49681085312500006 0.696775903125
3 0.4299239734375 0.64365259375 0.43517728125 0.6784848046875 0.4878668859375 0.6609162234375 0.48108636406249994 0.6304906515625001 0.4299239734375 0.64365259375
3 0.480545503125 0.629132125 0.47410693750000005 0.6057474843749999 0.4275956734375 0.6177128859375001 0.431425303125 0.6427871109375001 0.480545503125 0.629132125
3 0.46850759062499997 0.5751977671875 0.42386549531249995 0.5897974593749999 0.42838312343749996 0.617630121875 0.4742799578125 0.6036062375 0.469316840625 0.58289726875 0.46850759062499997 0.5751977671875
3 0.46818743281249997 0.575939103125 0.46391231250000003 0.557988571875 0.4215113125 0.5673989078125 0.4252196890625 0.5875320671875001 0.46818743281249997 0.575939103125
3 0.46103907031249997 0.542013759375 0.41964622343749997 0.55344119375 0.42251946562500003 0.5694160078125 0.46383874374999995 0.55728861875 0.46103907031249997 0.542013759375
3 0.4601587125 0.5416245390625 0.45693266093749996 0.5258906515625 0.41874343437499995 0.5365433328125 0.4202925640625 0.553152296875 0.4601587125 0.5416245390625
3 0.41633129375 0.5210733109375 0.4182819953125 0.53589300625 0.45709073437500003 0.525524625 0.4546785921875 0.51005460625 0.41633129375 0.5210733109375
3 0.41441691562500005 0.506599209375 0.416136896875 0.5210937421875 0.4546785921875 0.51005460625 0.451805009375 0.493934259375 0.41441691562500005 0.506599209375
0 0.449738734375 0.765994090625 0.45727179375000004 0.7983964875 0.4671624890625 0.7952604609375 0.46123370625 0.7612917984375 0.449738734375 0.765994090625
0 0.44382676249999997 0.7190954109375001 0.44956316249999995 0.7474936984375 0.4598063296875 0.7439712140625 0.45468944218749996 0.7158572234375 0.44382676249999997 0.7190954109375001
0 0.4490660421875 0.67731410625 0.439053596875 0.6811617531249999 0.44465748281249995 0.7064292609375 0.453151078125 0.7030906609375001 0.4490660421875 0.67731410625
0 0.4447287578125 0.64352758125 0.43444926875 0.646704471875 0.441339271875 0.6767285734375 0.4488245578125 0.673146540625 0.4447287578125 0.64352758125
0 0.4399643421875 0.6150271328125 0.4315326296875 0.61521451875 0.43475666718749995 0.6365392109375 0.4421437484375 0.6357627984375 0.4399643421875 0.6150271328125
0 0.4367059953125 0.5877660390624999 0.428443121875 0.5914297984375 0.43219048281249994 0.610253603125 0.43918876874999996 0.6095180546875001 0.4367059953125 0.5877660390624999
0 0.43379810625 0.56570929375 0.425195540625 0.56801110625 0.429538871875 0.5850252125 0.4356142765625 0.5829890125 0.43379810625 0.56570929375
0 0.4236356484375 0.5475597421875 0.4261204375 0.5637209515625 0.43342209218749994 0.564001753125 0.43082833281250005 0.5468037609375 0.4236356484375 0.5475597421875
0 0.42089659687500003 0.5289793703125001 0.42373385468749997 0.5447541218749999 0.4307321421875 0.5440185734375 0.428125603125 0.5285689828125 0.42089659687500003 0.5289793703125001
0 0.41934746718750004 0.5123704078125 0.42173606562500005 0.5257464296875 0.42772604531249997 0.5247674453125 0.4263457546875 0.5116348578125 0.41934746718750004 0.5123704078125
0 0.4173604421875 0.4972051171875 0.41940935156250003 0.50921919375 0.4262495640625 0.5088496703125001 0.4245531265625 0.49644913593749995 0.4173604421875 0.4972051171875
0 0.4153606390625 0.48378823125 0.4189391609375 0.499135659375 0.42535425781249997 0.49846140625 0.42224995468750004 0.48201589843750003 0.4153606390625 0.48378823125
2 0.44387655 0.7494890359374999 0.45290088749999996 0.7904699984375 0.5100596093750001 0.767690590625 0.506875928125 0.735529878125 0.49169144375 0.7294387640625 0.4438402265625 0.7491434406249999 0.44387655 0.7494890359374999
2 0.5054949515625 0.6906008578125 0.4966401375 0.6848927046875 0.47721323125000004 0.68518749375 0.44274983749999997 0.7069791734375 0.44317495625000003 0.7072839046875 0.44814654843749996 0.7340155171875 0.49595741093749995 0.725146859375 0.5127179109375 0.7069628890625 0.5054949515625 0.6906008578125
2 0.477235403125 0.623688625 0.4485265515625 0.6235613359375 0.4330797421875 0.6374142875000001 0.4307664921875 0.65093508125 0.43828004062500003 0.67006186875 0.447696515625 0.6680239203125 0.44762386875000004 0.6673327312499999 0.4841489484375 0.6558067234375 0.4854323640625 0.6343576890625 0.477235403125 0.623688625
2 0.42312579218749996 0.580108659375 0.42444016875 0.6075740734374999 0.4421666046875 0.6060603609374999 0.46234755468750005 0.6035898468750001 0.4737100140625 0.5957567734375 0.4728402671875 0.5818717015625 0.45469274375 0.57189906875 0.43516763281250004 0.574999478125 0.42312579218749996 0.580108659375
2 0.43917393125000004 0.51587715625 0.42362016875 0.52310251875 0.4194012890625 0.5315824203124999 0.42160827031250003 0.54323046875 0.4400995140625 0.5433834328125 0.45834927499999994 0.539368834375 0.46308071406250007 0.524545640625 0.4551615625 0.5183897359375 0.43917393125000004 0.51587715625
2 0.425113459375 0.5260902749999999 0.45605888281249995 0.5231871921875 0.4629609796875 0.51966645625 0.45938043906250003 0.5099098328125 0.4516556859375 0.5037334953125 0.4375757 0.500671003125 0.4296888390625 0.506042303125 0.4204391875 0.5171474328125 0.425113459375 0.5260902749999999
2 0.4381142765625 0.48601382812500005 0.42125179218750003 0.4920026578125 0.423095421875 0.512364378125 0.4464090578125 0.50569750625 0.45692997343749997 0.501429328125 0.45161928281249997 0.49039209687499996 0.4381142765625 0.48601382812500005
2 0.5193229265625 0.5760394140625 0.511005828125 0.5674264250000001 0.49777477656249997 0.5656546812500001 0.4820436359375 0.585228265625 0.482163375 0.6089335578124999 0.49313885781250005 0.6146318187500001 0.5179988125 0.58882811875 0.5193229265625 0.5760394140625