1 0.40123296093749994 0.8286299140625 0.4011434359375 0.8526116390625 0.47187830937499997 0.8399196796874999 0.469796809375 0.8186082578124999 0.40123296093749994 0.8286299140625
3 0.397761628125 0.787466496875 0.3961523140625 0.8388575749999999 0.46891092656250005 0.8256016 0.465930546875 0.7774172234375001 0.397761628125 0.787466496875
3 0.4659796421875 0.776715128125 0.46423530937499996 0.7335558859375 0.4006578390625 0.741020596875 0.39904460625 0.786145153125 0.4659796421875 0.776715128125
3 0.4022206375 0.7009982406249999 0.40050663281250004 0.7368603625000001 0.4628028796875 0.731339134375 0.46224550156250005 0.693907125 0.4022206375 0.7009982406249999
3 0.46268952656250006 0.6932326453125001 0.46010840625 0.6563646515625 0.4060074765625 0.6638700078124999 0.4040819265625 0.6630298328124999 0.40276285312500004 0.6989195687499999 0.46268952656250006 0.6932326453125001
3 0.40604357343749997 0.6293016140625001 0.40516852343750004 0.664516871875 0.46010840625 0.6563646515625 0.458714240625 0.6252238875 0.40604357343749997 0.6293016140625001
3 0.4584175015625 0.6237920796875 0.4561374546875 0.599644659375 0.40825502968749994 0.6033516828125001 0.4076723859375 0.6287099828125 0.4584175015625 0.6237920796875
3 0.455928075 0.5685867453125 0.409428984375 0.5752126171875 0.4090448875 0.603406915625 0.45667966875 0.5975659875 0.4553880265625 0.5763097984375001 0.455928075 0.5685867453125
3 0.45548405000000003 0.5692612234375 0.45439095625 0.550841034375 0.4110000359375 0.55274555 0.4111559859375 0.57321679375 0.45548405000000003 0.5692612234375
3 0.4543353609375 0.5346099828125 0.41158701249999996 0.538676015625 0.41164260625000004 0.5549070687500001 0.4544400515625 0.5501389390625 0.4543353609375 0.5346099828125
3 0.4535359671875 0.5340738015625 0.4530910859375 0.51801875 0.41363222187500004 0.5218781031249999 0.4122736984375 0.5385037421875001 0.4535359671875 0.5340738015625
3 0.4139430671875 0.5062242421875001 0.41329072031249997 0.521157528125 0.45331031718750003 0.5176857328125 0.4536211625 0.5020318734375 0.4139430671875 0.5062242421875001
3 0.414571175 0.49163760625 0.413748075 0.50621060625 0.4536211625 0.5020318734375 0.45359050468750006 0.48565743906250003 0.414571175 0.49163760625
0 0.40431292656249995 0.753225265625 0.406104925 0.7864435000000001 0.41638992343750003 0.7850726171875 0.416449809375 0.7505904921875 0.40431292656249995 0.753225265625
0 0.406634640625 0.7060124796875 0.40735258124999996 0.7349754484375 0.41805180468750003 0.733285184375 0.4178945984375 0.704709771875 0.406634640625 0.7060124796875
0 0.419049571875 0.6657757171875 0.4085211015625 0.6678262671875 0.4096521953125 0.693683009375 0.4185964953125 0.691870028125 0.419049571875 0.6657757171875
0 0.4206451484375 0.631749325 0.40997016718749996 0.6330929359375 0.41154186406250004 0.663857340625 0.419535446875 0.661629534375 0.4206451484375 0.631749325
0 0.4209021671875 0.6028545296875001 0.41256601249999997 0.6015749171875 0.412038075 0.6231354875 0.41944775156249997 0.6236536234375001 0.4209021671875 0.6028545296875001
0 0.4224271609375 0.5754417859375 0.4136536140625 0.5776150531249999 0.41407532500000005 0.5968036046874999 0.4210950171875 0.5972944703125 0.4224271609375 0.5754417859375
0 0.4233935625 0.5532151828125 0.414521984375 0.55398820625 0.4158448625 0.5714980421875 0.42218155 0.570547759375 0.4233935625 0.5532151828125
0 0.41653713281250004 0.533576671875 0.41617780781249997 0.5499238359375 0.423319771875 0.5514682890625 0.42375181875 0.534081171875 0.41653713281250004 0.533576671875
0 0.41706614062499997 0.514802946875 0.4171210375 0.5308307296875 0.42414073124999996 0.5313215953125 0.42425658593750004 0.5156540984375 0.41706614062499997 0.514802946875
0 0.4184246625 0.4981773078125 0.41845425 0.51176489375 0.424523228125 0.51184093125 0.42544435625 0.4986681734375 0.4184246625 0.4981773078125
0 0.41910125000000004 0.48289736874999994 0.41903280781249996 0.4950847140625 0.4258332703125 0.49590859531250003 0.426315934375 0.48340186875 0.41910125000000004 0.48289736874999994
0 0.41946164531249996 0.469337053125 0.42032074843749995 0.4850727234375 0.42675546875 0.4855226828125 0.426554059375 0.4687879640625 0.41946164531249996 0.469337053125
2 0.472313978125 0.688659390625 0.4645849 0.6815003359375 0.44540194218750007 0.6784171984375 0.407678040625 0.6938933078125 0.40804378281250003 0.69426723125 0.40829795156250004 0.7214560375 0.45692248593749996 0.7210243843749999 0.47658596875 0.7060270984375 0.472313978125 0.688659390625
2 0.45610294375000004 0.6178564859375 0.42785234843750003 0.6127458921875 0.4102346703125 0.6237060750000001 0.40560870312499997 0.636619765625 0.409686771875 0.6567606875 0.4193140765625 0.6563888546875 0.41936255625 0.6556955515625 0.4573342078125 0.6506871640624999 0.4623227109375 0.62978685 0.45610294375000004 0.6178564859375
2 0.41038296093750004 0.5655425625 0.40690805 0.5928189546875 0.4246280359375 0.594406403125 0.44493139218750005 0.59547780625 0.45748142812500003 0.5897368046875 0.45903601250000003 0.5759116484375 0.4428959203125 0.5629392375 0.423129059375 0.5626020453125 0.41038296093750004 0.5655425625
2 0.43734097656250004 0.505073609375 0.4207688390625 0.5094883203125 0.415141534375 0.5171067921875 0.41529232499999996 0.5289611203125 0.4334760828125 0.5323227312500001 0.4521457171875 0.5315381609375 0.4593792953125 0.5177617703124999 0.45264941406250003 0.5103242406249999 0.43734097656250004 0.505073609375
2 0.421720625 0.51268999375 0.45270003281250004 0.5152046328125001 0.460108640625 0.5129359203125 0.4582767171875 0.5027057671875 0.45174182968750004 0.49528187343749996 0.438407546875 0.48982094218750005 0.4297077890625 0.49374110312499997 0.4186702734375 0.503071334375 0.421720625 0.51268999375
2 0.44111298593750004 0.477220665625 0.42346673125 0.480190371875 0.4217465765625 0.500562896875 0.4458637140625 0.4980456765625 0.4569659546875 0.49566928125 0.4536525421875 0.4838775390625 0.44111298593750004 0.477220665625