1 0.372966815625 0.8187712625 0.3707874859375 0.842653928125 0.44235936875000004 0.8361752156250001 0.442143203125 0.8147634765625 0.372966815625 0.8187712625
3 0.3730963203125 0.7774619390625 0.36701410156250003 0.8285171968749999 0.44065118124999997 0.821652996875 0.4418816875 0.77339221875 0.3730963203125 0.7774619390625
3 0.4419917875 0.7726970750000001 0.44401566875 0.7295500374999999 0.3800295359375 0.7314452015625 0.374489578125 0.7762574421874999 0.4419917875 0.7726970750000001
3 0.3850745671875 0.6917113484375 0.38024149375 0.7272876187499999 0.44278189218749997 0.7272168765625 0.44548904843750003 0.6898787296875 0.3850745671875 0.6917113484375
3 0.44599016875 0.6892455140625 0.44663212812499997 0.6522928546875 0.39208293437499997 0.6550544453125 0.3902379375 0.65404964375 0.3857958875 0.68968784375 0.44599016875 0.6892455140625
3 0.395131728125 0.620620740625 0.3911907953125 0.655625728125 0.44663212812499997 0.6522928546875 0.44795736406250003 0.62114908125 0.395131728125 0.620620740625
3 0.4477865453125 0.6196968593750001 0.44761975937500004 0.595442609375 0.399596453125 0.5949622984375 0.39680590625 0.6201733203125 0.4477865453125 0.6196968593750001
3 0.45011805312500003 0.56448463125 0.40321842343750003 0.5670326265625001 0.4003784921875 0.5950861609375 0.4483410796875 0.5934191046875 0.44890695156250005 0.5721312265625 0.45011805312500003 0.56448463125
3 0.449616934375 0.56511784375 0.4501334234375 0.546672478125 0.4067416296875 0.544787978125 0.4051128015625 0.565194915625 0.449616934375 0.56511784375
3 0.4514926703125 0.5304983453125 0.40855261406250004 0.5308231421875 0.4071933671875 0.5469972765625 0.45024352343749996 0.5459773343750001 0.4514926703125 0.5304983453125
3 0.4507430484375 0.529894534375 0.45169915156249996 0.5138618015625 0.412054075 0.5142674015625001 0.4092517015625 0.5307113734375 0.4507430484375 0.529894534375
3 0.4137280609375 0.49870020000000004 0.41177667500000004 0.5135198062499999 0.45194657187500004 0.513549159375 0.4536205578125 0.497981959375 0.4137280609375 0.49870020000000004
3 0.41562508749999993 0.48422381562499994 0.413535 0.4986696234375 0.4536205578125 0.497981959375 0.45501714218749995 0.48166716249999997 0.41562508749999993 0.48422381562499994
0 0.382607009375 0.7439219890625 0.38149702812499997 0.77717 0.39186237031250004 0.7767007312499999 0.39492734218750003 0.742355040625 0.382607009375 0.7439219890625
0 0.389034753125 0.6970912125 0.38722567343750003 0.726006540625 0.3980314984375 0.725255209375 0.4003654015625 0.6967748312500001 0.389034753125 0.6970912125
0 0.40490930625 0.6580895953125 0.3942421828125 0.6592147265625 0.393115409375 0.6850716578125 0.4021836859375 0.684045121875 0.40490930625 0.6580895953125
0 0.40946440781250004 0.6243317484375 0.39871294375 0.6247398609375 0.3975973671875 0.6555241796875 0.405754696875 0.6540015375 0.40946440781250004 0.6243317484375
0 0.4122387953125 0.59556930625 0.4040458875 0.59356801875 0.4016408328125 0.615000534375 0.4089771546875 0.6161624921875 0.4122387953125 0.59556930625
0 0.41614716406249996 0.5683937890624999 0.407217590625 0.5697941203125 0.405965303125 0.588946409375 0.41291550312499997 0.5900472125 0.41614716406249996 0.5683937890624999
0 0.4190470640625 0.5463359921875 0.41014187187499995 0.5463328656249999 0.4099336328125 0.5638913671875 0.4163290296875 0.5634969796875 0.4190470640625 0.5463359921875
0 0.413928334375 0.526174634375 0.4121456265625 0.542428275 0.41912580625 0.544589315625 0.4210715953125 0.527306015625 0.413928334375 0.526174634375
0 0.4160915671875 0.5075184546875 0.41474934062499996 0.5234900312499999 0.42169954218749994 0.5245908359375 0.4231804671875 0.50899305625 0.4160915671875 0.5075184546875
0 0.41889393906250005 0.491074484375 0.417739178125 0.5046129453125 0.42377843437499996 0.5052176390625001 0.42584414062500003 0.4921752890625 0.41889393906250005 0.491074484375
0 0.42089968593749993 0.475911659375 0.4197693078125 0.48804666250000006 0.4264720859375 0.48946010781249993 0.42804294687500005 0.477043040625 0.42089968593749993 0.475911659375
0 0.4224405703125 0.4624343546875 0.42192495 0.478185021875 0.4282959671875 0.4791940921875 0.42955385156250003 0.46250549999999996 0.4224405703125 0.4624343546875
2 0.38121639687500003 0.7264620859375001 0.3793265828125 0.7683823249999999 0.44043341406250003 0.7611728734375001 0.4456820171875 0.7292840140625 0.43259142968750003 0.719470415625 0.38127075781249997 0.7261188656249999 0.38121639687500003 0.7264620859375001
2 0.45597658281250003 0.6855284890625 0.44890086875 0.6777230421875 0.430059621875 0.6729797328125 0.3911304375 0.685109096875 0.3914622 0.6855134734375 0.38934573906250003 0.7126209703125 0.43782286406250004 0.7164288671875 0.458718621875 0.7032024359375 0.45597658281250003 0.6855284890625
2 0.44599811562499997 0.613582125 0.41830043906250003 0.6060287765625 0.3997945609375 0.6154117718750001 0.39406069375 0.6278731421875 0.396367846875 0.64829285 0.4059909234375 0.64876150625 0.4060996453125 0.6480750671875 0.4443633125 0.646395184375 0.451154415625 0.6260091796875 0.44599811562499997 0.613582125
2 0.4050115703125 0.5574825140625 0.3991725890625 0.5843522531249999 0.41668678750000004 0.5874780578125 0.43681950468749997 0.5903149390625 0.449822146875 0.5856895921875 0.4525757578125 0.572052534375 0.437627703125 0.5577227859375 0.4179654484375 0.55566408125 0.4050115703125 0.5574825140625
2 0.43713721874999995 0.49959320937499996 0.4202433765625 0.5025467640625 0.413973490625 0.5096457937500001 0.41309053437500004 0.5214681546875 0.43091211406249996 0.5264017921875 0.449579084375 0.5272473734374999 0.4579858296875 0.5141538546875 0.45192978124999994 0.506158078125 0.43713721874999995 0.49959320937499996
2 0.4209124953125 0.5058192078125 0.45155485312500004 0.5110243109375 0.459133 0.509409934375 0.4581996640625 0.49905904687499997 0.452336678125 0.49109385000000005 0.4395290890625 0.484491540625 0.4305207703125 0.48763854999999995 0.4187120734375 0.4959712953125 0.4209124953125 0.5058192078125
2 0.44384286875 0.4704731921875 0.42600493593750005 0.471893625 0.4225157453125 0.492038703125 0.44676050156249997 0.4916330109375 0.4580276109375 0.49023328125 0.455754525 0.47819762812500005 0.44384286875 0.4704731921875