1 0.3917350578125 0.8923022359375 0.3907183640625 0.9170191390625 0.46281219062499995 0.9079169203124999 0.46066840156250005 0.8850159968750001 0.3917350578125 0.8923022359375
3 0.3873887875 0.8529375640625 0.3851741578125 0.9058296968749999 0.4600539046875 0.891424040625 0.45592167968749997 0.8426579171874999 0.3873887875 0.8529375640625
3 0.38970007500000003 0.8035183234375 0.387440571875 0.851949471875 0.4556437796875 0.8426433531249999 0.45284927656249996 0.7949381437499999 0.38970007500000003 0.8035183234375
3 0.391370975 0.761001171875 0.389448065625 0.8030097125 0.45307539375 0.7959408015625 0.45188960468749995 0.754760146875 0.391370975 0.761001171875
3 0.3936097515625 0.728917259375 0.3919526703125 0.760536253125 0.4512561265625 0.756213159375 0.449908078125 0.723445865625 0.3936097515625 0.728917259375
3 0.3953445078125 0.695816125 0.3939394375 0.7279437296875 0.45048977187499994 0.722980946875 0.44881203750000004 0.6911871828125 0.3953445078125 0.695816125
3 0.39735760625 0.668444690625 0.3955612671875 0.696331109375 0.44838136874999995 0.6916576562500001 0.44610800156249997 0.6647486140625001 0.39735760625 0.668444690625
3 0.3988936234375 0.642330621875 0.39749347031250004 0.6690471421875 0.446139115625 0.6641549140625 0.4449993296875 0.6411749328125 0.3988936234375 0.642330621875
3 0.40033214531250005 0.6212717578125 0.3992275796875 0.6423481234375 0.44504600156249996 0.6402843828125 0.44370812031250007 0.61788935 0.40033214531250005 0.6212717578125
3 0.401821490625 0.5960482390624999 0.400681659375 0.620992409375 0.44405763593750003 0.617610003125 0.44240135625 0.5949006203125 0.401821490625 0.5960482390624999
3 0.4425132140625 0.58957139375 0.442215571875 0.572886525 0.4030607234375 0.5755971546875001 0.402814909375 0.58987221875 0.4425132140625 0.58957139375
3 0.4422092078125 0.57350829375 0.4426925984375 0.5590095609375 0.44113634843750005 0.55655380625 0.4041009125 0.5605590421875 0.40387065624999996 0.57453725625 0.4422092078125 0.57350829375
3 0.4038277953125 0.5602313015625 0.4423680984375 0.55608190625 0.44243913749999997 0.5432107625 0.40544553125 0.5466365375 0.40413246562499994 0.557296778125 0.4038277953125 0.5602313015625
0 0.39434068437500003 0.8157975125 0.3953344546875 0.8524342265625 0.40618510468749996 0.8504128218749999 0.406411875 0.8148113484374999 0.39434068437500003 0.8157975125
0 0.396528003125 0.7705860546875 0.39763233124999997 0.7981633421875001 0.39788951875 0.803680703125 0.40616371874999996 0.8021717890625 0.4075095046875 0.7695427796875001 0.396743459375 0.769949828125 0.396528003125 0.7705860546875
0 0.3978997421875 0.730511975 0.39864535624999997 0.754509128125 0.40774753906249994 0.7511010609375 0.4074452453125 0.7290696875 0.3978997421875 0.730511975
0 0.40866017968749996 0.6954625484375 0.39947790625 0.6969238734375 0.3998264484375 0.7215477328125 0.40831610312500005 0.7194025921875 0.40866017968749996 0.6954625484375
0 0.409984528125 0.666717509375 0.40130085312499997 0.6656149015625 0.40208030937499994 0.6889663140625 0.4098265828125 0.6871059749999999 0.409984528125 0.666717509375
0 0.41069635 0.6392354015625 0.402274378125 0.64008905625 0.4029861515625 0.6647319515625 0.4100691328125 0.6651031546875 0.41069635 0.6392354015625
0 0.40372506562500005 0.6158832484375 0.4039811109375 0.6353221359375001 0.410916321875 0.6350380796875 0.411285209375 0.6175744890625 0.40387283749999997 0.6165385078125001 0.40372506562500005 0.6158832484375
0 0.4055006234375 0.59590331875 0.40534719375000006 0.6127306828125 0.41160219062500003 0.6150010390625 0.41263436875000004 0.595305909375 0.4055006234375 0.59590331875
0 0.4061526515625 0.5765120203125 0.40619775625 0.593026034375 0.41293443124999996 0.5930553296875 0.41354810000000003 0.577870875 0.4061526515625 0.5765120203125
0 0.41408053906250003 0.5746612 0.41396775 0.559438671875 0.407759 0.5597608015625 0.40774207812499996 0.560083671875 0.4075254828125 0.574641421875 0.41408053906250003 0.5746612
0 0.4079755984375 0.5452030515625 0.40861631249999997 0.5607770046875 0.4147280515625 0.558831003125 0.41443364687499995 0.5435989578125 0.4079755984375 0.5452030515625
0 0.415739934375 0.529098315625 0.4085385046875 0.530987209375 0.4090652890625 0.5452601593749999 0.41469535156250004 0.54555521875 0.415739934375 0.529098315625
2 0.39593462968750004 0.795808065625 0.4553407765625 0.784676065625 0.45946492499999997 0.761581640625 0.45221838906249995 0.746956521875 0.41760213437499993 0.7402859953125 0.39218730625 0.7561132234375 0.39593462968750004 0.795808065625
2 0.44623750156249997 0.74988065625 0.44932158125 0.7396820359375 0.453829253125 0.726644203125 0.44050482031250004 0.7133193453125 0.4193619125 0.706707409375 0.3960508921875 0.7171410109374999 0.3956368984375 0.7180905875 0.396153509375 0.7534072640625 0.44623750156249997 0.74988065625
2 0.40113839218749997 0.689564465625 0.3976346625 0.7181952859375 0.42235573281249994 0.7156057703125 0.4477987453125 0.7166154234375 0.4553431078125 0.7047080109375 0.45068994531250006 0.6892475328125001 0.4338933921875 0.6796258015625 0.41460385000000005 0.68282373125 0.413514159375 0.6827666234375 0.40113839218749997 0.689564465625
2 0.402666984375 0.5908984453125 0.40124224999999997 0.6076591859375 0.4223050671875 0.6123243765625 0.43729450312499996 0.614728728125 0.44351228281250005 0.6072844015625 0.445426584375 0.5950819296875001 0.435577646875 0.5884143703125 0.425445565625 0.58367451875 0.42526395156249996 0.5836650015625 0.402666984375 0.5908984453125
2 0.42917036093750005 0.5890498515625 0.4437796453125 0.5917580375 0.44454897656250003 0.5840281703125 0.442463234375 0.5751774000000001 0.43005025 0.572260559375 0.4211048703125 0.5692016890625 0.40510920937500006 0.5790474 0.40417066718749994 0.5900059765625 0.42917036093750005 0.5890498515625
2 0.41761131406249996 0.5767887859374999 0.43115234375 0.5755558953125 0.4459477609375 0.5747125015625001 0.4451378359375 0.5623672578125001 0.436032278125 0.5554149015625 0.4237039 0.550883703125 0.40959658593750004 0.5559720109375 0.4069343890625 0.57202038125 0.41761131406249996 0.5767887859374999
2 0.422089659375 0.560835596875 0.4336960953125 0.561767621875 0.445624028125 0.5565650984375 0.44603013125 0.54881619375 0.4365906703125 0.5447601578125 0.429018121875 0.5398306875000001 0.4167314734375 0.5414530765625 0.408456134375 0.5568835171875001 0.422089659375 0.560835596875