1 0.4243976171875 0.8347190281250001 0.42598119062500006 0.8586485796875 0.4956584109375 0.841053321875 0.49209537187499997 0.8199390125000001 0.4243976171875 0.8347190281250001
3 0.418063325 0.79389803125 0.420042790625 0.8452761828125 0.491699478125 0.826977115625 0.4853651859375 0.7791180140625 0.418063325 0.79389803125
3 0.4853651859375 0.7784142046875 0.480614465625 0.735481775 0.417712578125 0.7473632421875 0.41925100468750004 0.7924904109375001 0.4853651859375 0.7784142046875
3 0.41647975156249994 0.7073293625 0.4172715375 0.7432236890625 0.4790308921875 0.73337034375 0.475863746875 0.6960683984375 0.41647975156249994 0.7073293625
3 0.47625964062500004 0.6953645875000001 0.4711130265625 0.6587664515625 0.41766743125000005 0.670027415625 0.4156879640625 0.66932360625 0.4168756453125 0.70521793125 0.47625964062500004 0.6953645875000001
3 0.415292071875 0.6355407109375 0.4168756453125 0.6707312265625001 0.4711130265625 0.6587664515625 0.4675499875 0.627798796875 0.415292071875 0.6355407109375
3 0.46715409374999994 0.6263911765625 0.4631951609375 0.6024616265625 0.4156879640625 0.6094997296875 0.4168756453125 0.6348369 0.46715409374999994 0.6263911765625
3 0.46081980156249996 0.5714939734375 0.41489617812499996 0.5813473171875 0.41647975156249994 0.6094997296875 0.46359105468750006 0.6003501953125 0.46081980156249996 0.5792358859375 0.46081980156249996 0.5714939734375
3 0.46042390781250003 0.5721977828125 0.4580485484375 0.5538987140625 0.41489617812499996 0.5588253875 0.41647975156249994 0.5792358859375 0.46042390781250003 0.5721977828125
3 0.45686086875000004 0.537711078125 0.414500284375 0.54474918125 0.4156879640625 0.56093681875 0.4580485484375 0.5531949046875 0.45686086875000004 0.537711078125
3 0.45602601875 0.5372319671875 0.454462278125 0.5212470578125 0.41536874843750005 0.5278495203125 0.41517328124999997 0.5445294265625 0.45602601875 0.5372319671875
3 0.414586878125 0.5122121078124999 0.4149778140625 0.5271545234375 0.4546577453125 0.520899559375 0.45387587500000004 0.5052621484375 0.414586878125 0.5122121078124999
3 0.41419594374999996 0.49761719062500004 0.41439141093750004 0.5122121078124999 0.45387587500000004 0.5052621484375 0.45270306875 0.4889297390625 0.41419594374999996 0.49761719062500004
0 0.4222101171875 0.7592832140625 0.42631493750000005 0.7922955265625 0.4364792546875 0.7902105390624999 0.4341336421875 0.7558082328125 0.4222101171875 0.7592832140625
0 0.421232778125 0.7120234812499999 0.423969325 0.7408658171875 0.434524578125 0.73843333125 0.43237443437499995 0.7099384921875 0.421232778125 0.7120234812499999
0 0.4308106921875 0.6710187125 0.42045090781249994 0.6737986968749999 0.42338292187500004 0.6995135515625 0.4321789671875 0.6970810640625 0.4308106921875 0.6710187125
0 0.43002882187499997 0.6369639046875 0.41947356874999997 0.6390488921874999 0.42318745468749996 0.6696287203125 0.43100616093750005 0.6668487359374999 0.43002882187499997 0.6369639046875
0 0.4282696140625 0.6081215671875 0.4198645046875 0.607426571875 0.42084184375 0.62897145 0.4282696140625 0.62897145 0.4282696140625 0.6081215671875
0 0.427878678125 0.580669221875 0.4192781015625 0.58344920625 0.4210373109375 0.6025615984375 0.4280741453125 0.6025615984375 0.427878678125 0.580669221875
0 0.427292275 0.5584293484375 0.41849623124999996 0.5598193390625 0.4210373109375 0.5771942421875 0.427292275 0.57580425 0.427292275 0.5584293484375
0 0.41908263437500004 0.53931695625 0.4198645046875 0.5556493640625 0.4270968078125 0.5566918578125 0.42631493750000005 0.53931695625 0.41908263437500004 0.53931695625
0 0.4183007640625 0.5205520609375001 0.41947356874999997 0.536536971875 0.4265104046875 0.536536971875 0.4255330671875 0.520899559375 0.4183007640625 0.5205520609375001
0 0.41849623124999996 0.50387215625 0.41947356874999997 0.5174245796875 0.4255330671875 0.51707708125 0.4255330671875 0.50387215625 0.41849623124999996 0.50387215625
0 0.41810529531249996 0.4885822421875 0.41888716718749996 0.5007446734375 0.42572853437499997 0.501092171875 0.4253375984375 0.4885822421875 0.41810529531249996 0.4885822421875
0 0.41751889374999995 0.47502981875000005 0.41947356874999997 0.4906672296875 0.4259240015625 0.4906672296875 0.424555728125 0.47398732499999996 0.41751889374999995 0.47502981875000005
2 0.41810529531249996 0.7422558109375 0.42279651874999996 0.783955575 0.48202321562500006 0.76727566875 0.482218684375 0.7349583515625 0.46775407812500003 0.72731339375 0.41810529531249996 0.7419083125 0.41810529531249996 0.7422558109375
2 0.485541634375 0.6901311046874999 0.4773319921875 0.6835286421875 0.45798069531249996 0.6817911515625 0.42142824531249995 0.6998610484375 0.42181918124999995 0.700208546875 0.423969325 0.72731339375 0.47244530156250003 0.723490915625 0.491014728125 0.7071585078125 0.485541634375 0.6901311046874999
2 0.46443112812500004 0.620631496875 0.4358928515625 0.6175040140625 0.41908263437500004 0.6296664453124999 0.41536874843750005 0.6428713703125 0.42084184375 0.662678759375 0.43041975781249997 0.661636265625 0.43041975781249997 0.66094126875 0.4679495453125 0.6532963125 0.47146796406249997 0.63209893125 0.46443112812500004 0.620631496875
2 0.4122412671875 0.61437653125 0.41712795781249995 0.6296664453124999 0.4575897609375 0.6230639828125 0.465603934375 0.6181990109375 0.465603934375 0.603951590625 0.45328947187499996 0.5963066343750001 0.436870190625 0.5949166421875 0.41888716718749996 0.60117160625 0.4122412671875 0.61437653125
2 0.41517328124999997 0.5716342734375 0.413609540625 0.59908661875 0.4313970953125 0.599434115625 0.45172573125 0.59908661875 0.46384472499999996 0.5924841562500001 0.46443112812500004 0.578584234375 0.4474254421875 0.5667693 0.42768321093750006 0.5678117953124999 0.41517328124999997 0.5716342734375
2 0.437847528125 0.5094321234375 0.4216237140625 0.51499209375 0.4165415546875 0.5229845484375 0.41751889374999995 0.53479948125 0.4358928515625 0.5368844687500001 0.454462278125 0.53479948125 0.46071724375 0.5205520609375001 0.453484940625 0.5136021015625001 0.437847528125 0.5094321234375
2 0.42279651874999996 0.5181195749999999 0.45387587500000004 0.5184670734375 0.46110817812500005 0.5156870890625 0.4585670984375 0.5056096453125 0.4515302640625 0.4986596859375 0.437847528125 0.4941422109375 0.42944241875 0.4986596859375 0.41908263437500004 0.508737128125 0.42279651874999996 0.5181195749999999
2 0.4399152453125 0.47962162656249996 0.4225191328125 0.48381503906249995 0.42222428437500004 0.504257928125 0.4461070828125 0.500064515625 0.457016509375 0.49691945468750004 0.45288861718750006 0.48538756875000005 0.4399152453125 0.47962162656249996