1 0.389824109375 0.8249828015625 0.3888976890625 0.8489467921875 0.460032415625 0.8387311765625001 0.458695940625 0.81736009375 0.389824109375 0.8249828015625
3 0.3877914734375 0.7837233125 0.384389615625 0.8350269203125 0.457566534375 0.8243182593749999 0.45626957968750004 0.776059221875 0.3877914734375 0.7837233125
3 0.4563431484375 0.7753592671875 0.4561061140625 0.732165440625 0.3923068578125 0.7374067828124999 0.38911978281250004 0.78244755 0.4563431484375 0.7753592671875
3 0.3952654640625 0.697463346875 0.392300934375 0.7332438046875 0.4547519203125 0.7299000484375 0.45550123906250006 0.6924713890625 0.3952654640625 0.697463346875
3 0.4559685328125 0.6918128171875 0.454675659375 0.6548772015625001 0.400345753125 0.660489890625 0.3984506984375 0.6595830265625 0.39587989375 0.695404865625 0.4559685328125 0.6918128171875
3 0.4015882484375 0.625943815625 0.3994847359375 0.6611070812500001 0.454675659375 0.6548772015625001 0.454369140625 0.6237067515625 0.4015882484375 0.625943815625
3 0.45412255156250003 0.6222654609375 0.452686625 0.598053178125 0.4047039953125 0.600086871875 0.403236715625 0.6254093890625 0.45412255156250003 0.6222654609375
3 0.45356127968750004 0.5670068765625 0.40685927499999996 0.5720059156249999 0.4054914453125 0.6001696359375 0.45330105468750004 0.5959946953124999 0.4527520296875 0.5747063781249999 0.45356127968750004 0.5670068765625
3 0.45309398593749994 0.5676654484375 0.45264441250000004 0.54921833125 0.4092134578125 0.5496073640625 0.408654878125 0.5700715796875 0.45309398593749994 0.5676654484375
3 0.4531553078125 0.5329952265625 0.410291096875 0.5355668859375 0.40978020156249995 0.5517899921875 0.45271798125 0.5485183765625 0.4531553078125 0.5329952265625
3 0.45237511250000007 0.5324314734375 0.45249081562500004 0.5163706765625 0.4129213 0.5188505828125 0.41098337812499997 0.5354186828125 0.45237511250000007 0.5324314734375
3 0.4137782671875 0.5032171062499999 0.412605153125 0.5181185296875 0.4527215359375 0.5160455125000001 0.453578503125 0.5004120375000001 0.4137782671875 0.5032171062499999
3 0.414915059375 0.48866127812500004 0.4135838703125 0.503196675 0.453578503125 0.5004120375000001 0.4541193234375 0.48404650781249997 0.414915059375 0.48866127812500004
0 0.39553378281249996 0.7497315765625 0.3961653890625 0.7829921140625 0.406491965625 0.781981009375 0.40775522343750004 0.7475219796875 0.39553378281249996 0.7497315765625
0 0.399501784375 0.702628578125 0.3992084953125 0.7315989593750001 0.40996018906250004 0.7302831234375 0.410800346875 0.70171963125 0.399501784375 0.702628578125
0 0.4133133953125 0.6628496015625001 0.402719775 0.664531465625 0.40294779375 0.6904119296875 0.41194991718749996 0.6889122046875 0.4133133953125 0.6628496015625001
0 0.4160955046875 0.628899621875 0.405380134375 0.6298698640625 0.4058772125 0.6606703796875 0.41394367499999996 0.6587229015625 0.4160955046875 0.628899621875
0 0.4173607796875 0.6000313984375001 0.4090743609375 0.5984616375 0.40779429218749996 0.61999065 0.41518137343749995 0.6207670640625 0.4173607796875 0.6000313984375001
0 0.41984153593749995 0.5726885765625 0.4109974875 0.5745543265624999 0.41074927031249997 0.59374590625 0.41774755625 0.59448145625 0.41984153593749995 0.5726885765625
0 0.4215830453125 0.5505092390625 0.41268989375 0.550972178125 0.41340088125 0.568517515625 0.4197668734375 0.567788959375 0.4215830453125 0.5505092390625
0 0.4154161671875 0.5306434062500001 0.414486553125 0.5469680703125 0.42157026562500005 0.5487608359375 0.42260885156250005 0.5313993875 0.4154161671875 0.5306434062500001
0 0.4166000453125 0.5118995796875 0.416095546875 0.5279195140625 0.42309383437500003 0.5286550640625001 0.42375640625 0.5130011546875 0.4166000453125 0.5118995796875
0 0.4185379671875 0.49533148125000004 0.41809333593750003 0.5089118218750001 0.4241559640625 0.5091996171875001 0.4255362546875 0.49606702968749994 0.4185379671875 0.49533148125000004
0 0.419747403125 0.4800844625 0.41925367187499996 0.49226199375 0.4260212375 0.49332270625 0.42694008749999995 0.48084044375 0.419747403125 0.4800844625
0 0.42058082812500003 0.466544984375 0.420890240625 0.48230105156249997 0.4273053375 0.4829753046875 0.427688084375 0.46624375156250003 0.42058082812500003 0.466544984375
2 0.3932312953125 0.7323683812499999 0.39353800781250003 0.7743300750000001 0.4541837796875 0.76393241875 0.45775625625 0.731812571875 0.4441700046875 0.7226975312499999 0.39326761875 0.7320227859374999 0.3932312953125 0.7323683812499999
2 0.4657467265625 0.6875782359375 0.45827220312500005 0.6801538015624999 0.43920853125 0.6764030671875 0.40096750156249994 0.6905532046875 0.401319971875 0.6909396625 0.40062510937500007 0.7181207781250001 0.44923508749999996 0.719386359375 0.469409990625 0.7050844546875 0.4657467265625 0.6875782359375
2 0.452016553125 0.6162527046874999 0.4239615234375 0.61015929375 0.4059720734375 0.6204979515625 0.40089824218750003 0.63324233125 0.4042709203125 0.6535133078124999 0.41390533593749995 0.6534776890625 0.4139779828125 0.6527865 0.45210129375 0.6491063546875 0.45781616718749996 0.6283928703125 0.452016553125 0.6162527046874999
2 0.400766415625 0.6045766796875001 0.4040281046875 0.62029363125 0.4449584 0.6179567484375 0.4534371984375 0.6139561359375 0.45492645937500004 0.599786765625 0.44347857187499995 0.5908964765625 0.42729453125 0.5877978171875 0.4087562 0.592138778125 0.400766415625 0.6045766796875001
2 0.40815015 0.562375046875 0.403725425 0.58951355 0.4213792140625 0.5917184484375 0.44163281093749995 0.5934977765625 0.45437556093750003 0.5881982625 0.45641168906249996 0.5744357828125 0.440734159375 0.56090799375 0.4209911078125 0.559881153125 0.40815015 0.562375046875
2 0.42052362031249996 0.5437590578125 0.41016273437499995 0.5507065640625 0.40711829843749997 0.5647124796874999 0.4210059015625 0.5672203609375 0.4469824328125 0.5706494296875 0.455593746875 0.5635180359375 0.4554316421875 0.551970396875 0.44839501718749997 0.5459896359374999 0.43355897343749994 0.5412855953125 0.42052362031249996 0.5437590578125
2 0.43720208125 0.5028837515625 0.4204859671875 0.5067174125 0.41459620937499997 0.5141348531250001 0.41433319687500003 0.5259872234375 0.4323885609375 0.5299813906249999 0.45107420156250005 0.5298488578125 0.4587841640625 0.5163333078125001 0.45231794843750006 0.508665440625 0.43720208125 0.5028837515625
2 0.4213254359375 0.509950353125 0.45219821250000003 0.513544625 0.459681484375 0.5115358515625 0.4582077046875 0.501247996875 0.4519358875 0.4936005609375 0.4388003109375 0.48767759843749997 0.4299690421875 0.49129175312499995 0.4186126296875 0.500231096875 0.4213254359375 0.509950353125
2 0.44237451562499996 0.47345269375 0.4246353703125 0.4758047453125 0.4222052734375 0.4961048265625 0.44639557031250005 0.49443081875 0.4575739828125 0.49244333124999995 0.45467411249999995 0.48054313750000005 0.44237451562499996 0.47345269375