1 0.40549216093749996 0.8958416484375 0.40533869375 0.9205789765624999 0.4770709390625 0.9089662640625 0.474129225 0.886154109375 0.40549216093749996 0.8958416484375
3 0.39977473125 0.8566526390625 0.399407359375 0.909589840625 0.4737387421875 0.8925796953124999 0.4679071203125 0.8439874906249999 0.39977473125 0.8566526390625
3 0.40035990468750005 0.8071828406250001 0.3997919984375 0.855663340625 0.46762888125 0.8439826328125 0.46317119218749997 0.7964040109375 0.40035990468750005 0.8071828406250001
3 0.40054595937500004 0.764633275 0.40009029687500003 0.806683334375 0.4634321640625 0.7973981671875 0.4608099140625 0.7562839828125 0.40054595937500004 0.764633275
3 0.40166365937500004 0.732490775 0.4011110734375 0.7641483390625 0.46022752968749997 0.75775821875 0.45773674062499997 0.7250579312500001 0.40166365937500004 0.732490775
3 0.4022421453125 0.6993492625 0.4019591671875 0.7315063328125 0.45830185468750007 0.7245729953125 0.45551555625000006 0.6928571515625 0.4022421453125 0.6993492625
3 0.4032987671875 0.671924246875 0.40247674531250005 0.69985636875 0.45510156874999996 0.6933423671875001 0.451890475 0.6665290578125 0.4032987671875 0.671924246875
3 0.40392248124999997 0.6457724781249999 0.4034555734375 0.6725215906249999 0.45190085 0.6659346328125 0.44995976875 0.643008428125 0.40392248124999997 0.6457724781249999
3 0.40462518281250004 0.624676240625 0.4042568453125 0.645778315625 0.4499753328125 0.6421167921875 0.447856690625 0.61978209375 0.40462518281250004 0.624676240625
3 0.4052333328125 0.5994161109375 0.40496473593750004 0.6243848640625 0.44819624375 0.6194907187500001 0.44574842812500004 0.5968529734375 0.4052333328125 0.5994161109375
3 0.44567422968750003 0.5915230890625 0.44479447656250004 0.574858771875 0.40575807968750005 0.5789342343749999 0.4060106078125 0.59320918125 0.44567422968750003 0.5915230890625
3 0.44480981406250003 0.5754803828124999 0.4447869125 0.5609736140625 0.44314590625 0.558573665625 0.40627281249999997 0.56386898125 0.40653052812499996 0.577846715625 0.44480981406250003 0.5754803828124999
3 0.40598842343749997 0.563550971875 0.44436043593749996 0.5580590671875 0.4439822359375 0.5451932859374999 0.4071307234375 0.54990803125 0.40619049374999994 0.560607603125 0.40598842343749997 0.563550971875
0 0.4054262234375 0.81929259375 0.4076979921875 0.8558723078125 0.4184714859375 0.8534734531250001 0.41745564375 0.8178857515625 0.4054262234375 0.81929259375
0 0.4060343515625 0.774032340625 0.408100440625 0.8015542890624999 0.4085500265625 0.8070593125000001 0.4167665234375 0.805262553125 0.41697275468750006 0.772606453125 0.40622747343750004 0.773388984375 0.4060343515625 0.774032340625
0 0.40600669062500006 0.7339348015625 0.40758933906249994 0.7578913140625 0.41656703593750005 0.7541676609375 0.41549604375 0.732160259375 0.40600669062500006 0.7339348015625
0 0.415537365625 0.6985311921874999 0.4064116859375 0.7003120828125 0.40761937656249997 0.724908778125 0.41602899375 0.7224686609375001 0.415537365625 0.6985311921874999
0 0.41585772031249996 0.6697574453125 0.40714085468750005 0.6689585640625 0.4087347890625 0.6922685484375 0.41641141875 0.6901390015625 0.41585772031249996 0.6697574453125
0 0.4156099953125 0.6422672359375 0.40722294843749995 0.6434142921875 0.40879431093749996 0.6680173359375 0.41588593281249997 0.6681411203125001 0.4156099953125 0.6422672359375
0 0.4078279796875 0.6191726015625 0.40876227812500004 0.6385907125 0.41568335 0.63806479375 0.4154425421875 0.6205989671875 0.40799853124999996 0.61982230625 0.4078279796875 0.6191726015625
0 0.4089051671875 0.599142878125 0.409339096875 0.6159653453125 0.41566951875 0.6180160234375001 0.41601371875000004 0.5982968671875 0.4089051671875 0.599142878125
0 0.40888005156249996 0.5797406374999999 0.40950145937500004 0.596243015625 0.41623505312500003 0.5960371875 0.41631841875 0.580840565625 0.40888005156249996 0.5797406374999999
0 0.4167385171875 0.5776142640625 0.4160945390625 0.562404946875 0.4099008125 0.5629435609375 0.40989517031249995 0.563266825 0.41018676249999997 0.577823265625 0.4167385171875 0.5776142640625
0 0.4096092203125 0.5483871203125 0.41079306875 0.563929225 0.41683316875000004 0.5617711125 0.41600735312500003 0.5465586203125 0.4096092203125 0.5483871203125
0 0.4168067796875 0.5320212234375 0.40967565937500006 0.5341602921875 0.41070024062500005 0.5484061640625 0.41633717031249995 0.5485045578125 0.4168067796875 0.5320212234375
2 0.4063215765625 0.7992596953125 0.4653030328125 0.7860612328125 0.468618684375 0.7628369453125 0.46086615468750003 0.7484736375 0.4260381890625 0.7430152640625 0.40119120625000004 0.7597198140625 0.4063215765625 0.7992596953125
2 0.4549909625 0.7516047203125 0.4577172359375 0.7413046796875 0.4617671484375 0.7281174734375 0.4479858 0.7152657484375 0.4266250203125 0.7093957171875 0.4036923265625 0.72063650625 0.40331172656250003 0.7215999531249999 0.40506055625000004 0.756877084375 0.4549909625 0.7516047203125
2 0.40781432031250003 0.6928992078125 0.4053119265625 0.7216348671875 0.4299275640625 0.718184175 0.45539031406249997 0.718305265625 0.46251451875000005 0.7061418109375001 0.45732462656250006 0.69085314375 0.4402025125 0.681823465625 0.421036328125 0.68569264375 0.4199453078125 0.6856735984375 0.40781432031250003 0.6928992078125
2 0.4058985875 0.5942399468749999 0.4050596625 0.6110401984375 0.4262724609375 0.614967465625 0.4413366765625 0.6168472281249999 0.447290865625 0.609190440625 0.448778140625 0.59692859375 0.43870250781250003 0.5906088171875 0.42841118125 0.586225459375 0.4282293453125 0.586222284375 0.4058985875 0.5942399468749999
2 0.432321303125 0.5914675234375 0.4470162015625 0.593664203125 0.44751529687499997 0.5859121953125 0.4451219375 0.5771396078125 0.43261471875 0.5746577515625 0.423568034375 0.571912934375 0.40792572812500005 0.5823108875 0.4073702078125 0.59329554375 0.432321303125 0.5914675234375
2 0.4203413921875 0.5796173328124999 0.43383114687499996 0.5779126171875 0.44858811718749997 0.576553384375 0.44734784375 0.564243928125 0.4380051984375 0.5576135843750001 0.42552619218750004 0.5535154015625 0.411605053125 0.5590929484375 0.40950455625000004 0.5752244515625 0.4203413921875 0.5796173328124999
2 0.4242602515625 0.56351756875 0.43589214375 0.5640439671874999 0.447631246875 0.5584283343750001 0.44776666875000004 0.550669978125 0.4381914046875 0.54694584375 0.43045143281250003 0.5422836546875 0.418228890625 0.5443338546875001 0.41049710624999997 0.5600437 0.4242602515625 0.56351756875