1 0.4185674796875 0.8333486046875 0.4197331828125 0.85730215 0.4897068703125 0.8409256062500001 0.4865128703125 0.8197523296875 0.4185674796875 0.8333486046875
3 0.41294657656249995 0.7924232765625 0.41402906875 0.84382815 0.4859942046875 0.8267824515625 0.48049613437499994 0.778820090625 0.41294657656249995 0.7924232765625
3 0.48050841718750004 0.7781163875 0.47650769375 0.7351075859375 0.41340802656250003 0.7458894546875 0.4141586421875 0.7910365984375 0.48050841718750004 0.7781163875
3 0.4128740765625 0.7058401562500001 0.4130392984375 0.741742834375 0.47496121249999995 0.7329688390625 0.4724455578125 0.6956173 0.4128740765625 0.7058401562500001
3 0.4728536734375 0.69492050625 0.4683465703125 0.6582381234375 0.41471258281249995 0.66856461875 0.41274570156249996 0.66782636875 0.413306759375 0.70373595625 0.4728536734375 0.69492050625
3 0.41293946249999997 0.6340417109375001 0.413908634375 0.669254503125 0.4683465703125 0.6582381234375 0.4653245328125 0.6272130015624999 0.41293946249999997 0.6340417109375001
3 0.464953265625 0.6257986859375 0.4614125640625 0.6018036875 0.413789771875 0.6080116046875 0.41453507656250005 0.63336564375 0.464953265625 0.6257986859375
3 0.45957802656249996 0.5707992953125001 0.4134894328125 0.5798496609375 0.41458143906249995 0.6080254234375 0.461845246875 0.5996994875 0.45944291249999997 0.5785400296875001 0.45957802656249996 0.5707992953125001
3 0.4591699109375 0.5714960890625 0.457114275 0.5531583515625 0.4138824953125 0.5573311609375 0.41510961562500004 0.5777661890625 0.4591699109375 0.5714960890625
3 0.45620929062500004 0.536952453125 0.41373232499999996 0.543250190625 0.4146373109375 0.559456090625 0.45712655937499996 0.5524546484374999 0.45620929062500004 0.536952453125
3 0.455382928125 0.5364588453125 0.4540984015625 0.5204490796875 0.414895596875 0.526368259375 0.4144090546875 0.5430422140625 0.455382928125 0.5364588453125
3 0.41438675625 0.5107195828125 0.41451685156250007 0.5256665453125 0.454299903125 0.5201050453125 0.4537910625 0.5044563703125 0.41438675625 0.5107195828125
3 0.4142505984375 0.496120065625 0.41419131875000004 0.510716171875 0.4537910625 0.5044563703125 0.452903475 0.4881059796875 0.4142505984375 0.496120065625
0 0.4176968484375 0.7578861031249999 0.4212249 0.7909650265625 0.43142405625 0.7890577484375 0.4296792046875 0.7546197453125 0.4176968484375 0.7578861031249999
0 0.4175444546875 0.7106165109375 0.4197772171875 0.7395022140624999 0.430373315625 0.7372543125 0.4287208015625 0.7087262890625 0.4175444546875 0.7106165109375
0 0.4278365421875 0.6697851453125 0.41742981874999996 0.672383903125 0.41991259999999997 0.6981460125 0.4287497578125 0.6958674078125 0.4278365421875 0.6697851453125
0 0.4276491296875 0.6357218796875 0.4170590953125 0.637622334375 0.42023872500000004 0.668262321875 0.4281047578125 0.665619215625 0.4276491296875 0.6357218796875
0 0.42639355781250005 0.60685323125 0.4180018578125 0.606011653125 0.41860303749999994 0.62757030625 0.4260296765625 0.6276999390625 0.42639355781250005 0.60685323125
0 0.426481790625 0.5793982453125001 0.41783400625 0.5820277046875 0.419259390625 0.6011678890625001 0.426295153125 0.6012906984375 0.426481790625 0.5793982453125001
0 0.42628361562499995 0.557151525 0.417464653125 0.558387790625 0.4197021125 0.575804396875 0.42598038281250006 0.5745237796875 0.42628361562499995 0.557151525
0 0.41840878281249994 0.5378987656249999 0.41890549374999997 0.55424233125 0.42611850156250003 0.5554108875 0.42563998437499995 0.5380249859374999 0.41840878281249994 0.5378987656249999
0 0.417954525 0.5191230828125 0.41884817500000004 0.5351260265625 0.4258839390625 0.5352488375 0.4251796609375 0.5195967484375 0.417954525 0.5191230828125
0 0.418441065625 0.5024491296875 0.41918173281250004 0.5160165453125 0.42524637343749994 0.515774853125 0.42547682968749995 0.5025719390625001 0.418441065625 0.5024491296875
0 0.41831703593749997 0.487154721875 0.418886525 0.49932894531249994 0.42572078593749996 0.4997957890625 0.4255482375 0.4872809421875 0.41831703593749997 0.487154721875
0 0.41796724531249996 0.47359412812499996 0.4196487125 0.48926327187499996 0.42609816250000004 0.48937584687499996 0.425021203125 0.47267460312500004 0.41796724531249996 0.47359412812499996
2 0.482225590625 0.6898498140625 0.474132428125 0.683105078125 0.45481440156249997 0.6810301265625001 0.41795215625 0.6984593421875 0.4183369671875 0.6988136109374999 0.42001373906249995 0.7259518546875 0.46854904375000006 0.7229759812500001 0.48740068281250004 0.7069701421875 0.482225590625 0.6898498140625
2 0.46233123593750003 0.6199923609375 0.43385188750000003 0.61636729375 0.41683196718750004 0.62823449375 0.4128881890625 0.641372590625 0.4180147640625 0.6612724828125 0.4276094140625 0.6603973046875 0.42762154218750004 0.6597024140625 0.46527903750000005 0.6527136078125 0.469166865625 0.631580859375 0.46233123593750003 0.6199923609375
2 0.4139360109375 0.5701429328125001 0.41189339843750006 0.5975638062499999 0.42967217968750004 0.5982216859375 0.45000378437500005 0.598229025 0.4622361609375 0.5918390734375001 0.46306506093750005 0.577951503125 0.44626816406250003 0.565841578125 0.426510746875 0.566539365625 0.4139360109375 0.5701429328125001
2 0.43769238125000004 0.5083459765625 0.42137400312500006 0.51362195625 0.4161531296875 0.521524496875 0.416924121875 0.5333546874999999 0.4352588921875 0.5357600265625 0.4538618796875 0.5339994390625 0.46036454375 0.5198633515625 0.4532546359375 0.5127882296874999 0.43769238125000004 0.5083459765625
2 0.42249204687499997 0.516769428125 0.45356060468750004 0.517659284375 0.46084032343750003 0.5150059437500001 0.4584755078125 0.5048856875000001 0.4515610375 0.49781397656250004 0.43795922656249997 0.49305839218749997 0.42947655625000003 0.49742849062500005 0.418942475 0.5073235953124999 0.42249204687499997 0.516769428125
2 0.44028004843749996 0.47857610624999997 0.4228134 0.48246527656250005 0.42216181875 0.5028999062499999 0.44611416562499995 0.4991239453125 0.45707681874999995 0.49616975781250006 0.4531508140625 0.48456758750000006 0.44028004843749996 0.47857610624999997