1 0.447386603125 0.9035519453124999 0.44981973281250004 0.9281698015625001 0.5199451625 0.90912264375 0.51463504375 0.8867429484375 0.447386603125 0.9035519453124999
3 0.43760412656250003 0.8651752515625001 0.4427722125 0.9178608593750001 0.51491835625 0.8931741515624999 0.5040394109374999 0.845457709375 0.43760412656250003 0.8651752515625001
3 0.43301509375 0.8159152859375001 0.437517890625 0.86418956875 0.5037621890625 0.8454819640625001 0.4943556 0.7986299375 0.43301509375 0.8159152859375001
3 0.4287524875 0.7735793640625 0.43269475156250004 0.8154466984375001 0.49471905937500005 0.79959136875 0.487813571875 0.7589765125 0.4287524875 0.7735793640625
3 0.42650425937499997 0.7414961140624999 0.42926381718749995 0.7730380140625 0.487388478125 0.760503546875 0.481493221875 0.7282427546875 0.42650425937499997 0.7414961140624999
3 0.42361534531249995 0.708475684375 0.42669524687499993 0.740486175 0.4820045515625 0.7277014046875 0.475918309375 0.69645055 0.42361534531249995 0.708475684375
3 0.421799484375 0.681090459375 0.42390166718750005 0.708955490625 0.4755573078125 0.69697638125 0.46956105 0.670645609375 0.421799484375 0.681090459375
3 0.419686178125 0.6550167578125 0.42201787187499995 0.6816681390625 0.469509234375 0.6700533562500001 0.4651823453125 0.6474556421875 0.419686178125 0.6550167578125
3 0.41817987187499994 0.633962634375 0.42001931875 0.6549876109375 0.465104621875 0.6465672640625 0.4606629765625 0.624576375 0.41817987187499994 0.633962634375
3 0.41614428906249995 0.6087773125 0.4184871078125 0.6336373609375 0.4609702109375 0.624251103125 0.45616951562499997 0.6019932359375 0.41614428906249995 0.6087773125
3 0.4555386 0.59670030625 0.4529217703125 0.5802192359375 0.41452522031249994 0.5883527875000001 0.41626850312499997 0.6025231390625 0.4555386 0.59670030625
3 0.453002 0.5808358390625 0.45146285312499995 0.5664109328125 0.44957997499999997 0.5641956640625 0.4134623859375 0.5733162593750001 0.41517976093750003 0.5871904828125001 0.453002 0.5808358390625
3 0.41314631406249996 0.5730297171875 0.4507340609375 0.5635569312500001 0.4490130921875 0.5508011625 0.41285628125 0.5593421125 0.41303961093749997 0.5700813515625 0.41314631406249996 0.5730297171875
0 0.4393194734375 0.8274291281249999 0.4454024171875 0.8635709890625 0.45586614531249997 0.8600591390625001 0.45113594062500006 0.8247725750000001 0.4393194734375 0.8274291281249999
0 0.4351932859375 0.7823532484375 0.44012488281250006 0.8095084625 0.4411474359375 0.8149363359375 0.4491311109375 0.8122905593749999 0.44592272031249997 0.779791796875 0.43531810000000004 0.781693228125 0.4351932859375 0.7823532484375
0 0.430974440625 0.7424782578125 0.43505255624999994 0.7661381031250001 0.443591846875 0.7614964234375 0.4402263203125 0.7397215296875 0.430974440625 0.7424782578125
0 0.43675222031249994 0.7062723671875 0.4278626859375 0.7089973953125 0.431634815625 0.733333109375 0.43974330312500004 0.7300273140625 0.43675222031249994 0.7062723671875
0 0.4340631453125 0.6776227593749999 0.4253105265625 0.677739415625 0.42933228437500004 0.70075509375 0.4367442640625 0.6978347859375 0.4340631453125 0.6776227593749999
0 0.43094326875 0.6503090390625 0.42272206562500003 0.652326496875 0.4268565390625 0.676630509375 0.43392225156249997 0.676012340625 0.43094326875 0.6503090390625
0 0.4207898375 0.6281543609375 0.4237487625 0.6473684359375 0.4305769453125 0.6461219500000001 0.42851178125 0.628776975 0.4210273671875 0.628782678125 0.4207898375 0.6281543609375
0 0.419767446875 0.608121765625 0.4219574265625 0.6248067203125001 0.42846752343750005 0.6261844546875001 0.426748625 0.60653734375 0.419767446875 0.608121765625
0 0.41771438281249995 0.5888284374999999 0.4200573546875 0.6051754593750001 0.42673254531250004 0.6042669078125 0.425226975 0.5891448203125 0.41771438281249995 0.5888284374999999
0 0.4253075328125 0.5858922796875 0.423077275 0.57083359375 0.416973778125 0.5720166796874999 0.41700195781250005 0.5723387625 0.418813515625 0.58678498125 0.4253075328125 0.5858922796875
0 0.415162221875 0.557570459375 0.4179641765625 0.572903678125 0.4237456046875 0.570126025 0.421334175 0.5550831890625 0.415162221875 0.557570459375
0 0.42060965 0.5405418671875 0.4137411875 0.5434146234375 0.41624925625 0.55747535625 0.4218655921875 0.556983990625 0.42060965 0.5405418671875
2 0.4381159125 0.80741238125 0.4953946484375 0.7881209796875 0.4962645375 0.7646773375 0.4870531015625 0.7512030734375 0.451845371875 0.7494151140625 0.428880603125 0.7686253734374999 0.4381159125 0.80741238125
2 0.48153738125 0.754931128125 0.48317207343749996 0.744402540625 0.48582136093750006 0.7308642437499999 0.4707721375 0.719523465625 0.44891478906250004 0.7159184 0.4272827046875 0.7294947296875 0.42700489687500004 0.73049268125 0.43243161093750004 0.765393759375 0.48153738125 0.754931128125
2 0.42848278124999994 0.7014785140625001 0.42899778906249997 0.7303183265625 0.453117884375 0.724313503125 0.47845380468750004 0.7217723484375 0.48426755468750005 0.7089308437499999 0.47750799375 0.694268421875 0.4595358171875 0.68707795625 0.440879065625 0.69292935 0.43979203125 0.6930244531249999 0.42848278124999994 0.7014785140625001
2 0.41626484062499997 0.6035599656249999 0.4171866171875 0.6203558765625 0.4386937203125 0.6220442875 0.4538719015625 0.6223391140625 0.45899312031250006 0.6141018875 0.45919053749999994 0.60175175 0.44850950312500004 0.5965197859375 0.4378163671875 0.5932361765625 0.4376351953125 0.5932520265625 0.41626484062499997 0.6035599656249999
2 0.44225301406249995 0.5980408046875 0.457097028125 0.598689415625 0.45678308437500004 0.5909277046875 0.45348585 0.58245335 0.44078772187500004 0.5812924484375 0.4315036859375 0.579508303125 0.4170339515625 0.5914843624999999 0.4176296828125 0.6024669109375 0.44225301406249995 0.5980408046875
2 0.4291000484375 0.587507771875 0.4423377125 0.5844023328125 0.45687176406249996 0.5815080218750001 0.45435159687500004 0.5693956421874999 0.444367071875 0.5637781937499999 0.43152805 0.561006871875 0.418266184375 0.56800901875 0.41786339687499996 0.5842717140625 0.4291000484375 0.587507771875
2 0.43131455625 0.5710865734375 0.44293775156250004 0.5703942234375 0.45402555156249996 0.563582284375 0.4533492640625 0.555852271875 0.443437175 0.553149428125 0.43525227187500004 0.549321825 0.423310990625 0.552638396875 0.4172636890625 0.5690703734375 0.43131455625 0.5710865734375
2 0.4817649515625 0.6423607828125 0.4905458203125 0.6722744125 0.4953100984375 0.6844590703125 0.51442905 0.674020134375 0.5063958687500001 0.6385621859375 0.49678560312500003 0.6273493875 0.4817649515625 0.6423607828125