1 0.3841691578125 0.8230104703125001 0.3828246484375 0.84695464375 0.454126828125 0.8379820562500001 0.45316353437499995 0.8165909031249999 0.3841691578125 0.8230104703125001
3 0.38285690781250004 0.781721790625 0.3785601984375 0.8329582140625 0.45191286249999996 0.8235282984375001 0.4514583421875 0.775253975 0.38285690781250004 0.781721790625
3 0.45154411562499996 0.7745554125 0.452060953125 0.7313640265625 0.388179940625 0.7354911203125 0.38420728125000003 0.7804694046875 0.45154411562499996 0.7745554125
3 0.39183520625 0.695605403125 0.388246671875 0.7313286734375 0.45074650156249996 0.7290753453125001 0.452148928125 0.6916654656250001 0.39183520625 0.695605403125
3 0.45262764375 0.691015146875 0.4519795828125 0.65406259375 0.397559996875 0.658726240625 0.39568105625 0.657786440625 0.3924854671875 0.6935579578125 0.45262764375 0.691015146875
3 0.3994052140625 0.6242071109375 0.3966883390625 0.6593283109375 0.4519795828125 0.65406259375 0.452217109375 0.6228915421875 0.3994052140625 0.6242071109375
3 0.45199571250000004 0.6214461671875 0.4509825671875 0.5972125109374999 0.402971753125 0.5984084828125 0.4010627578125 0.6237015359375 0.45199571250000004 0.6214461671875
3 0.45239892187499997 0.566186203125 0.405616784375 0.5703694203125 0.40375763906250006 0.598504978125 0.45163282968749996 0.595165065625 0.45145541875 0.573870409375 0.45239892187499997 0.566186203125
3 0.45192020624999996 0.56683651875 0.451792646875 0.548384365625 0.40836151718749997 0.548015365625 0.4074458734375 0.568466715625 0.45192020624999996 0.56683651875
3 0.45258659687499997 0.5321726484375 0.40968403281250004 0.5339958328125001 0.40889008281250006 0.550207553125 0.4518784203125 0.5476858015625 0.45258659687499997 0.5321726484375
3 0.451816359375 0.531595365625 0.45221234375 0.5155390328125 0.4126055734375 0.5173279796875 0.4103787953125 0.533859734375 0.451816359375 0.531595365625
3 0.41373525312500004 0.5017118390624999 0.412302253125 0.5165905203125 0.4524487046875 0.515217946875 0.4535783828125 0.4996018078125 0.41373525312500004 0.5017118390624999
3 0.41512590625 0.4871780671875 0.41354124218750005 0.50168801875 0.4535783828125 0.4996018078125 0.4544047390625 0.483248209375 0.41512590625 0.4871780671875
0 0.39119127656249997 0.7478703546875 0.3912423109375 0.78113685 0.40158496093749996 0.780306121875 0.40344941875 0.7458743875 0.39119127656249997 0.7478703546875
0 0.39598073437500003 0.70084378125 0.3951818875 0.7298046312500001 0.40595490781250004 0.7286766390625 0.4072934390625 0.7001321593750001 0.39598073437500003 0.70084378125
0 0.41048448125 0.661311909375 0.399863121875 0.6628086328125 0.39963942812500003 0.688689134375 0.4086663546875 0.6873467468750001 0.41048448125 0.661311909375
0 0.413858675 0.6274156546875 0.40312800312499997 0.6281987390625 0.4030874625 0.6590032390625 0.41118668437499994 0.6571968375 0.413858675 0.6274156546875
0 0.4156275765625 0.5985739109375 0.4073698171875 0.5968597703125 0.40571421093750004 0.6183631640625 0.413086615625 0.61926838125 0.4156275765625 0.5985739109375
0 0.4185851546875 0.571278546875 0.409709890625 0.5729896640625001 0.409126771875 0.5921739890625 0.41611115468750004 0.5930315625 0.4185851546875 0.571278546875
0 0.42071348124999997 0.5491329828125 0.41181360468749995 0.54944064375 0.412218275 0.5669957171875 0.4185960125 0.5663783734375001 0.42071348124999997 0.5491329828125
0 0.41489424843749995 0.5291625468750001 0.4136798703125 0.5454685015625 0.42073121718750006 0.547384621875 0.42207264375 0.53004394375 0.41489424843749995 0.5291625468750001
0 0.41640507187500003 0.5104422375000001 0.4156210640625 0.5264509281249999 0.42260544843750003 0.5273085015625 0.4235411171875 0.511668540625 0.41640507187500003 0.5104422375000001
0 0.41863185156249993 0.4939104828125 0.417950278125 0.507480996875 0.42400695937500005 0.5078745546875 0.4256162359375 0.49476805781250005 0.41863185156249993 0.4939104828125
0 0.4201072 0.4786868953125 0.4194010171875 0.4908539546875 0.42614904062500003 0.492032615625 0.4272855953125 0.47956829062499995 0.4201072 0.4786868953125
0 0.4211767953125 0.465164025 0.4212111796875 0.48092309218749996 0.42761353125 0.48170920156249997 0.4282882265625 0.464986875 0.4211767953125 0.465164025
2 0.38919216875 0.73046961875 0.38876650156250003 0.7724302749999999 0.4495845015625 0.7630926171875 0.45371700312499996 0.7310400109375 0.44029189999999996 0.7216892453125 0.38923451875000004 0.7301247109375 0.38919216875 0.73046961875
2 0.4624782515625 0.6869518640625001 0.455134440625 0.6793981125 0.43613913281250005 0.6753152421874999 0.397656971875 0.6887958265624999 0.39800264531249996 0.689188378125 0.3968335125 0.716353225 0.44541399843749996 0.718466975 0.46583543125000004 0.70451935 0.4624782515625 0.6869518640625001
2 0.449994971875 0.6153975734375 0.42205055937499997 0.6088154609374999 0.403883415625 0.618838584375 0.3985879375 0.6314924734375 0.4016063234375 0.6518192234375 0.4112398921875 0.6519517546875 0.41132459218750006 0.6512619390625 0.4495063234375 0.6482476968750001 0.455581828125 0.6276371046875 0.449994971875 0.6153975734375
2 0.39895641406250004 0.6028288875000001 0.401943309375 0.6186003703125 0.442908153125 0.6169781750000001 0.45145548125 0.613126146875 0.4531918046875 0.598984925 0.44190081875000004 0.5898961984375 0.42577332187500005 0.586515559375 0.407162053125 0.5905323203124999 0.39895641406250004 0.6028288875000001
2 0.4070755453125 0.5607625453125 0.40217786093749996 0.58781969375 0.41979048125 0.5903323578124999 0.44000993906249997 0.5924648890624999 0.45284323750000005 0.5873885734375001 0.45511924375 0.5736637250000001 0.43968019375 0.559864384375 0.4199580703125 0.5584931375 0.4070755453125 0.5607625453125
2 0.4197720234375 0.5423653390625 0.40929146562499996 0.5491309640625001 0.40600305781249996 0.5630816140625 0.41984477656249997 0.5658314859375 0.44575750468750003 0.5697133859375 0.4544919671875 0.562733365625 0.45453142187499995 0.55118465625 0.447600246875 0.5450820000000001 0.432848559375 0.5401197515625 0.4197720234375 0.5423653390625
2 0.43716131718750006 0.5017873374999999 0.42038084218750005 0.5053286781249999 0.41436252968750004 0.5126421984375 0.41389270624999996 0.5244881734375 0.43187561093750004 0.5287968421875 0.45056071875 0.5289904390625 0.4585053859375 0.5156115046874999 0.452173978125 0.507831953125 0.43716131718750006 0.5017873374999999
2 0.42116376093749996 0.5085757765625 0.4519691078125 0.51270830625 0.45948629687500003 0.5108304390625 0.4581922890625 0.50051843125 0.45205489375 0.4927627015625 0.4390246875 0.48661139374999995 0.4301316875 0.49007087031249996 0.41862099218750004 0.49881065625 0.42116376093749996 0.5085757765625
2 0.44284660625 0.47245103437499997 0.42506911406250003 0.4744931375 0.42228510156250004 0.49474771406249995 0.44650092968750005 0.493496140625 0.45771232656249994 0.49170404687499997 0.45502058593749994 0.47975505468749996 0.44284660625 0.47245103437499997