1 0.42633843125000004 0.90024531875 0.4274798265625 0.9249567765625001 0.498506003125 0.9096058046875 0.494374425 0.8869788703125 0.42633843125000004 0.90024531875
3 0.4185778421875 0.86140924375 0.42098149375 0.914293125 0.49432076562500005 0.8934160859375 0.48595401562499996 0.8451956781250001 0.4185778421875 0.86140924375
3 0.416573165625 0.811976615625 0.4185433109375 0.8604203984375 0.4856759046875 0.8452053906250001 0.47873425156250005 0.7979252703124999 0.416573165625 0.811976615625
3 0.41453209218750003 0.7694756265625 0.4162777859375 0.8114919046875 0.479046896875 0.7989044062499999 0.4742764890625 0.7579838046875 0.41453209218750003 0.7694756265625
3 0.41396605312499996 0.73731868125 0.415071053125 0.7689617796875 0.473772059375 0.7594865000000001 0.4695732828125 0.7269613859375 0.41396605312499996 0.73731868125
3 0.4128092546875 0.7041923125 0.41420963437499997 0.7363201218750001 0.47011224374999994 0.7264475390625 0.465669884375 0.6949209828125 0.4128092546875 0.7041923125
3 0.41242911250000003 0.6767495828125 0.413070071875 0.7046864453125 0.46528185781250003 0.6954272015625 0.4606718640625 0.66881869375 0.41242911250000003 0.6767495828125
3 0.4116832953125 0.6506010109375 0.4126169671875 0.6773379 0.460651115625 0.668224540625 0.45751282968749996 0.64543134375 0.4116832953125 0.6506010109375
3 0.41128094062500004 0.6294969078125 0.4120175046875 0.6505893406250001 0.4574817078125 0.644540115625 0.4541970625 0.62234690625 0.41128094062500004 0.6294969078125
3 0.4105662453125 0.6042395671875 0.41160477812499996 0.6291881609375001 0.4545209 0.6220381609375 0.4508916703125 0.599559546875 0.4105662453125 0.6042395671875
3 0.45053862968749997 0.5942408515625 0.44878793906250003 0.5776454140625 0.41001833281250005 0.5837582984374999 0.41101760781249996 0.5980004671875 0.45053862968749997 0.5942408515625
3 0.4488357890625 0.5782653718749999 0.4480536921875 0.56377968125 0.44628933125000003 0.56146890625 0.40974390625 0.5686867531249999 0.4107328078125 0.58263184375 0.4488357890625 0.5782653718749999
3 0.4094432640625 0.5683840625000001 0.44747526562499995 0.5608914484375 0.446424240625 0.5480630921875 0.40986998124999996 0.5547000359375 0.40949101250000003 0.5654341515625 0.4094432640625 0.5683840625000001
0 0.4222663171875 0.8238046234375 0.42644940625 0.8602153109374999 0.4370825890625 0.857255903125 0.43420562343749997 0.8217701390625001 0.4222663171875 0.8238046234375
0 0.4205048734375 0.778574571875 0.42400851875 0.8059506703125001 0.4247455984375 0.8114246203125 0.4328568 0.8092003046875 0.43135366093750005 0.7765781656249999 0.42066405937500007 0.7779219890625 0.4205048734375 0.778574571875
0 0.41837870625000007 0.73853343125 0.42121297343749997 0.762374284375 0.4299834859375 0.7581858765625 0.42776218281249995 0.7362646859375 0.41837870625000007 0.73853343125
0 0.4260434390625 0.7026795453125 0.41702346874999996 0.7049355953124999 0.419516796875 0.7294353765625 0.42778718437499996 0.7265584781250001 0.4260434390625 0.7026795453125
0 0.4248574515625 0.6739284640625 0.4161107234375 0.6735868843749999 0.41892242187499995 0.696781503125 0.42647707968750004 0.6942531109375001 0.4248574515625 0.6739284640625
0 0.42317134218749997 0.6464888953125 0.4148558203125 0.6480733234375 0.417712653125 0.6725604109375001 0.424801034375 0.6723128796875 0.42317134218749997 0.6464888953125
0 0.41419131093750006 0.623833190625 0.41614059374999995 0.6431757921875 0.42302465624999996 0.6422883734375 0.4218700875 0.6248590859375 0.41439563125 0.6244730781250001 0.41419131093750006 0.623833190625
0 0.41421874687500004 0.603774540625 0.41553250156250005 0.62055124375 0.421961571875 0.622267803125 0.42127327968749995 0.6025576578125 0.41421874687500004 0.603774540625
0 0.41317823125 0.5844002046875 0.41466245468749996 0.6008474453125 0.42137604843750004 0.600289490625 0.4206639703125 0.5851093328125 0.41317823125 0.5844002046875
0 0.4209146421875 0.581865465625 0.41947555000000003 0.5667106953125 0.4133185015625 0.5675727265625 0.4133297859375 0.56789584375 0.4143828046875 0.5824170734375 0.4209146421875 0.581865465625
0 0.41226548437500005 0.5530514953125001 0.4142611203125 0.5685103421875 0.42017999687499996 0.5660390734375 0.418559153125 0.5508906484375 0.41226548437500005 0.5530514953125001
0 0.4185966546875 0.5363313359374999 0.4115872578125 0.5388406875 0.41335600625 0.5530134140625 0.41899036093750003 0.5528166578125 0.4185966546875 0.5363313359374999
2 0.4221120015625 0.8037523203125 0.4803218734375 0.78748509375 0.4824175140625 0.7641191078125 0.4739238921875 0.7501812203125 0.43885798749999994 0.74655308125 0.41491930468750005 0.7645351312499999 0.4221120015625 0.8037523203125
2 0.46822061875000004 0.7536154953125 0.47040409375000003 0.7431868890625 0.473758290625 0.7298058000000001 0.4593232234375 0.717692946875 0.437684503125 0.712948896875 0.4153715359375 0.7253744859375 0.4150418796875 0.72635653125 0.418634575 0.761493790625 0.46822061875000004 0.7536154953125
2 0.418036221875 0.697459471875 0.417041165625 0.7262867140625 0.44144247343750004 0.72155246875 0.46687666562499996 0.7203407765625001 0.47335452031249997 0.7078211390625 0.46737159375 0.6928250421875 0.4498003671875 0.684703840625 0.43086294687500004 0.689570796875 0.429772425 0.6896088781249999 0.418036221875 0.697459471875
2 0.4109596875 0.59903568125 0.41100116875000003 0.6158568140625 0.43239043437499997 0.6186685078124999 0.447532384375 0.6197572953125 0.4530776875 0.61179938125 0.4539211890625 0.5994765 0.4435286140625 0.5936927046875 0.43302198281250004 0.589853959375 0.43284022968749997 0.5898603062500001 0.4109596875 0.59903568125
2 0.43720109375 0.5948842 0.45199082031250004 0.5963087984375 0.4520835234375 0.58854129375 0.44923432031250005 0.5799059875 0.43661435312499997 0.5780821078125 0.4274364140625 0.5758145203125 0.41235973281250005 0.587016878125 0.4123798640625 0.5980155546875 0.43720109375 0.5948842
2 0.42461741093749994 0.5836772296875 0.43799946093750003 0.5812688500000001 0.45266506875 0.5791391609375001 0.45078226875 0.566911484375 0.441105421875 0.5607791843750001 0.42842903593750004 0.55733971875 0.41481888125 0.5636381984375001 0.413565521875 0.579857525 0.42461741093749994 0.5836772296875
2 0.42768830312499995 0.5673944328125 0.4393318046875 0.5673113437499999 0.45076091875 0.5610890296875 0.4504901140625 0.5533342171875 0.4407330671875 0.55011631875 0.4327597015625 0.5458655968749999 0.42066120937499996 0.548552665625 0.4137622109375 0.56464563125 0.42768830312499995 0.5673944328125