3 0.4516814953125 0.89603295 0.44982260625 0.8423063875000001 0.380927634375 0.8511506546875 0.3807066328125 0.8500842875 0.37774973125 0.905050465625 0.4516814953125 0.89603295
1 0.38461960156249997 0.8913435265625 0.3842238421875 0.9139104859374999 0.4545529046875 0.9056919578124999 0.4543238359375 0.8836067625 0.38461960156249997 0.8913435265625
0 0.3878991296875 0.8148561843750001 0.388648171875 0.8506396140625 0.400890371875 0.8488683890625 0.40128129062499995 0.8136901296874999 0.3878991296875 0.8148561843750001
0 0.40328589687500005 0.7681155796875 0.3916685234375 0.7694050406249999 0.391754559375 0.8019893671875 0.4015340171875 0.8016223 0.40328589687500005 0.7681155796875
0 0.40352732812500003 0.7266213890625 0.394189875 0.7291211890625 0.39324241875 0.7511241156249999 0.40294874687500004 0.7518028484375 0.40352732812500003 0.7266213890625
0 0.40645573281249997 0.6931969390625 0.396014884375 0.6945686703125 0.3956110578125 0.6961168015625 0.39668595624999997 0.7187865999999999 0.4038913625 0.717188625 0.4045129625 0.7082993281250001 0.40645573281249997 0.6931969390625
0 0.40751126875 0.665421546875 0.39802594375 0.66580918125 0.39836632031249997 0.69052944375 0.406307859375 0.6910847703125 0.40751126875 0.665421546875
0 0.40753815312499997 0.639676053125 0.4007731375 0.639202996875 0.40008486093749995 0.6659531546874999 0.4070327015625 0.6638117125 0.40753815312499997 0.639676053125
0 0.402197546875 0.6146061390625001 0.40180178906249997 0.6371730999999999 0.408493675 0.63869195625 0.4088528703125 0.61664789375 0.402197546875 0.6146061390625001
0 0.40362357187500003 0.5942130484375 0.4024916796875 0.6146267062499999 0.4106542203125 0.6162484 0.410755846875 0.5936608718749999 0.40362357187500003 0.5942130484375
0 0.404976465625 0.57486575625 0.40465222343749996 0.5921831515625 0.4111231078125 0.592635640625 0.4117049171875 0.5758617125 0.404976465625 0.57486575625
0 0.4060368421875 0.5597016640625 0.40585724531249995 0.57072369375 0.4107477796875 0.5726420437499999 0.41265398593749997 0.558062553125 0.4060368421875 0.5597016640625
0 0.41521674218750004 0.5298670999999999 0.4083785984375 0.53043984375 0.4077220453125 0.54405580625 0.41419292968750004 0.5445082953125 0.41521674218750004 0.5298670999999999
0 0.40741524843750004 0.5447983515625 0.4069640703125 0.5594564375 0.41324468124999997 0.5582634375 0.41372488125 0.54483151875 0.40741524843750004 0.5447983515625
3 0.449335190625 0.8423124171874999 0.4481429421875 0.7954146171875001 0.38461229218750004 0.8015716140625001 0.3843958078125 0.8011148312499999 0.38144819218750003 0.850373015625 0.449335190625 0.8423124171874999
3 0.3867595046875 0.7602070796875 0.384643025 0.80113211875 0.44845162343749995 0.7945529109375 0.44698413906249995 0.7551438390625 0.3867595046875 0.7602070796875
3 0.389867565625 0.7264177078125 0.38750115625000003 0.760258940625 0.4475093046875 0.7547389171875001 0.4454258109375 0.720586515625 0.389867565625 0.7264177078125
3 0.39164734375 0.6938603890625 0.38983683281250003 0.7268572046874999 0.44471489374999995 0.7200951578125 0.444363275 0.6895970265625 0.39164734375 0.6938603890625
3 0.443683090625 0.6886661734375 0.442498978125 0.6629679281249999 0.393552765625 0.6666116046874999 0.39266694375 0.6934900421875 0.443683090625 0.6886661734375
3 0.4423132265625 0.6620716484375 0.44150061875 0.6381659640625 0.3965713390625 0.641207240625 0.3939857328125 0.667525171875 0.4423132265625 0.6620716484375
3 0.4415313515625 0.63772646875 0.44075083125000003 0.616914546875 0.3980772359375 0.6196719109375 0.3966020703125 0.6407677453125 0.4415313515625 0.63772646875
3 0.4387328734375 0.59248293125 0.399182253125 0.6003167765625 0.3980772359375 0.6196719109375 0.4406265453125 0.6151392734375001 0.439010821875 0.592060721875 0.4387328734375 0.59248293125
3 0.44009188593750004 0.59081138125 0.440054375 0.57358458125 0.40164492812499997 0.5757568328125 0.39986108125 0.5977143703125 0.44009188593750004 0.59081138125
3 0.44017730468750005 0.57182659375 0.44075986718750004 0.5599429 0.40219675937500005 0.564312634375 0.40173712500000003 0.5744383421875 0.44017730468750005 0.57182659375
3 0.4028407875 0.5515499484374999 0.40253617343750003 0.5630114328125 0.44004895 0.5594515437500001 0.43976557656250004 0.545740715625 0.4028407875 0.5515499484374999
2 0.3963810765625 0.789586846875 0.4520929859375 0.7815581734375 0.45025806562500004 0.75095631875 0.43551454375 0.7415340859375 0.40245031249999996 0.7418718828124999 0.38719111875 0.7575873875 0.3963810765625 0.789586846875
2 0.44867307500000003 0.7274382687500001 0.4402622796875 0.712717471875 0.4147668609375 0.707843140625 0.3909766515625 0.71766235 0.3910182328125 0.7454889296875 0.40056748906250006 0.747481615625 0.44379698437500004 0.74387983125 0.44867307500000003 0.7274382687500001
2 0.3946767671875 0.6967221015625 0.40179136875 0.715768715625 0.44489793437499997 0.7139249203125 0.45051838593750004 0.7046017375 0.448905375 0.6885897046875 0.4257564828125 0.6785797109375 0.42597296562500003 0.6790364953125 0.406229065625 0.68428055 0.3946767671875 0.6967221015625
2 0.442256728125 0.5953792171875001 0.4390401984375 0.5880879671875 0.4235871140625 0.5817076343750001 0.40341024687499993 0.5860381218749999 0.3997060625 0.5963785953125 0.40236940781249997 0.6115807828125 0.41136276406250005 0.6144178874999999 0.410651846875 0.61392653125 0.4111462796875 0.6139611046875 0.43969778593750003 0.6106578734375 0.442256728125 0.5953792171875001
2 0.422036925 0.5683498671875 0.399512175 0.5742827593750001 0.40140177968749996 0.5863393234375 0.44209764218750003 0.5834436625 0.44274302656250003 0.5742142359375 0.422036925 0.5683498671875
2 0.44376398124999994 0.577377146875 0.445860578125 0.5651576781250001 0.437791909375 0.5562021968749999 0.425181140625 0.5482540375 0.4112154265625 0.55257720625 0.40334200156250005 0.5692508187499999 0.42571579843749996 0.5725819296875 0.44376398124999994 0.577377146875
2 0.44198917031249996 0.542363040625 0.42428040312500004 0.5362666203125 0.4240946515625 0.535370340625 0.40979494531249994 0.55512775 0.4186332859375 0.5566290781250001 0.4440966171875 0.558409646875 0.44198917031249996 0.542363040625