3 0.472474478125 0.8980189968750001 0.46780630468749995 0.8444633500000001 0.399468625 0.8569011812499999 0.399192115625 0.8558478421875 0.399115975 0.91089344375 0.472474478125 0.8980189968750001
1 0.40525906406249995 0.896845746875 0.4060449109375 0.9194024921875 0.4758474640625 0.9075144890625 0.4744628609375 0.8854715484375 0.40525906406249995 0.896845746875
0 0.404531059375 0.820291590625 0.40715183593750004 0.8559867796875 0.41928455937500003 0.8535772749999999 0.417833853125 0.8184267671875001 0.404531059375 0.820291590625
0 0.417450525 0.7728097609375 0.40591655937500004 0.7747054609374999 0.4077078078125 0.8072406296875 0.4174546515625 0.8063622484374999 0.417450525 0.7728097609375
0 0.4155199875 0.7313598015625 0.4063261609375 0.7343448609375 0.406531546875 0.75636721875 0.41626009531249997 0.7565370312499999 0.4155199875 0.7313598015625
0 0.41669507812499995 0.6978278984374999 0.4063403296875 0.69974418125 0.4060180796875 0.701311325 0.4082779515625 0.7238938 0.41538985000000006 0.7219209125 0.41554536875 0.7130112671875 0.41669507812499995 0.6978278984374999
0 0.416295515625 0.6700353296875 0.406843478125 0.6709188562499999 0.40847714531249996 0.6955874265624999 0.416436865625 0.6957263640625 0.416295515625 0.6700353296875
0 0.41497494843749994 0.6443237109375 0.40819444687499995 0.6442053578125 0.40890710781250006 0.6709548765625 0.4157333515625 0.668452746875 0.41497494843749994 0.6443237109375
0 0.40832960468749996 0.6195676609375 0.4091154515625 0.64212440625 0.41587765781249997 0.6432909546875 0.4150826625 0.6212583046875 0.40832960468749996 0.6195676609375
0 0.40868638125 0.599127884375 0.40862440937500005 0.61957280625 0.4168606375 0.6207650828125 0.415779984375 0.5982031921875001 0.40868638125 0.599127884375
0 0.40902486250000003 0.579736303125 0.40960738750000003 0.5970469359374999 0.4160930859375 0.59716014375 0.41579621875 0.580378753125 0.40902486250000003 0.579736303125
0 0.40929015937499996 0.564537496875 0.40968765625000003 0.5755538203125 0.41467188750000006 0.577213590625 0.41581244999999994 0.5625543171875 0.40929015937499996 0.564537496875
0 0.41689605781249994 0.53426338125 0.4100972609375 0.5351932203125 0.4101542125 0.548824884375 0.416639909375 0.5489380921875 0.41689605781249994 0.53426338125
0 0.409886696875 0.5495824687499999 0.41020328125 0.564244078125 0.41641284843750004 0.5627240125 0.41618941875 0.54928536875 0.409886696875 0.5495824687499999
3 0.467319871875 0.8444948812499999 0.46367481718750003 0.7977237500000001 0.400553465625 0.8071972468749999 0.4003133734375 0.8067524203125 0.3999477703125 0.8560973640625 0.467319871875 0.8444948812499999
3 0.4005328828125 0.765777025 0.40056115468750003 0.8067567453125 0.463937978125 0.7968470703125 0.4604099921875 0.7575688078125 0.4005328828125 0.765777025
3 0.40186828593749996 0.731871296875 0.4012762328125 0.76579 0.46091324531250005 0.75713695625 0.45704520937500004 0.7231404015625 0.40186828593749996 0.731871296875
3 0.40194170625 0.6992654500000001 0.40186059687500003 0.7323118 0.4563095515625 0.7226869234375 0.45436226562500004 0.6922489921875 0.40194170625 0.6992654500000001
3 0.4536342953125 0.6913550125000001 0.4511068640625 0.6657539578125 0.402418425 0.6719542875 0.4029405265625 0.6988422484375 0.4536342953125 0.6913550125000001
3 0.45087445937500004 0.664868628125 0.4488118375 0.6410382328125 0.40410329999999994 0.6464267593749999 0.40289861250000003 0.6728439421875 0.45087445937500004 0.664868628125
3 0.4488195265625 0.64059773125 0.446950865625 0.6198551812499999 0.4044800609375 0.6248421296875 0.4041109890625 0.6459862578125 0.4488195265625 0.64059773125
3 0.4436570203125 0.5955626609375 0.40457059375000004 0.6054556890625 0.4044800609375 0.6248421296875 0.44673383906249997 0.6180888453125 0.4439124921875 0.5951264828125 0.4436570203125 0.5955626609375
3 0.4449266890625 0.5938222765625001 0.443987646875 0.5766210468749999 0.4057445265625 0.5808005171875 0.40511229374999996 0.602821321875 0.4449266890625 0.5938222765625001
3 0.444018403125 0.5748590359375 0.44397822187499997 0.5629611406249999 0.40569665781250003 0.569343121875 0.40576759375 0.579479009375 0.444018403125 0.5748590359375
3 0.40567185625 0.556564221875 0.4059675078125 0.568025940625 0.44324256406250007 0.5625076625000001 0.44224200937499997 0.5488304562499999 0.40567185625 0.556564221875
2 0.4606466171875 0.7298128171875 0.4514769203125 0.71555238125 0.4257613390625 0.7120190562500001 0.40251763125 0.72306989375 0.4040154859375 0.7508561593749999 0.4136559453125 0.7523463453125 0.45663769218750005 0.746487040625 0.4606466171875 0.7298128171875
2 0.4051167484375 0.7019646921875 0.413218421875 0.7206128546875 0.4561694140625 0.7165155624999999 0.46129422656249996 0.70691100625 0.458845421875 0.6910053359375 0.43520437031250003 0.6822205796875 0.43544446406250004 0.6826654078125001 0.416002075 0.688935590625 0.4051167484375 0.7019646921875
2 0.44732762656249997 0.598270553125 0.44373391093750003 0.591157634375 0.4279680828125 0.5855947984375 0.40804550624999997 0.5909753265625 0.404887578125 0.601495490625 0.40834289375 0.61653745625 0.4174724078125 0.618899996875 0.41673675 0.61844651875 0.4172323140625 0.61845516875 0.44557181406249996 0.61366219375 0.44732762656249997 0.598270553125
2 0.4257209265625 0.57233646875 0.4035375484375 0.5794400828125 0.40605555468750004 0.5913812296875001 0.44654409843750004 0.58635968125 0.44670556875 0.5771091265625 0.4257209265625 0.57233646875
2 0.4484412015625 0.564273665625 0.4491026953125 0.5511935968749999 0.4384243484375 0.5425361578125 0.4219820171875 0.5414790609375 0.4219954546875 0.5407092 0.41318670781250005 0.5490264890625001 0.4159492734375 0.5644766125 0.4484412015625 0.564273665625