3 0.5350772515625 0.8974246625 0.5220886015625 0.8452586375 0.45653797812499997 0.8682337062500001 0.4561000953125 0.8672365921875 0.4646359203125 0.9216164015625001 0.5350772515625 0.8974246625
1 0.468505834375 0.9067806640624999 0.4728106578125 0.928936765625 0.5398941328125 0.9062755984375 0.5350783 0.8847206421875 0.468505834375 0.9067806640624999
0 0.45581108437499995 0.8312829031250001 0.46398355156250004 0.86612864375 0.475589971875 0.8618508281249999 0.4686583765625 0.8273600218749999 0.45581108437499995 0.8312829031250001
0 0.4611436953125 0.782364603125 0.45004828437500005 0.7860412734375 0.45690710156250003 0.8178956671875 0.4663965375 0.8155033578124999 0.4611436953125 0.782364603125
0 0.45275272343750006 0.7417269640625 0.4441390546875 0.746113503125 0.4477869671875 0.7678326 0.4574223046875 0.7664784421874999 0.45275272343750006 0.7417269640625
0 0.4486678015625 0.7084240687500001 0.43874030937499997 0.7119365984375 0.43866718281250006 0.7135348593749999 0.44443190781249997 0.7354857859374999 0.45114762031250005 0.7324246421875 0.44990744843749997 0.723600359375 0.4486678015625 0.7084240687500001
0 0.44392544375 0.6810361781250001 0.4347279890625 0.6833874515625 0.4402005578125 0.7074967484375 0.448084015625 0.7063888015625001 0.44392544375 0.6810361781250001
0 0.43859895 0.6558476953125 0.43188341250000006 0.656791503125 0.43677184843749994 0.68310020625 0.4431226296875 0.679561021875 0.43859895 0.6558476953125
0 0.428162721875 0.6324359937499999 0.432467546875 0.6545920953125 0.4393289875 0.6546864390625 0.4350971140625 0.6330494125 0.428162721875 0.6324359937499999
0 0.425317621875 0.612192053125 0.428454703125 0.6323949578125 0.43677604218750005 0.6322841265625 0.4321792359375 0.6101690609375 0.425317621875 0.612192053125
0 0.4226184234375 0.5929862640625 0.42590175625000004 0.609992646875 0.43232531406249997 0.609089875 0.4294069140625 0.59256153125 0.4226184234375 0.5929862640625
0 0.42050283593750004 0.5779330781249999 0.42261877343750004 0.588751590625 0.4278012859375 0.5896112203125 0.42663458906249996 0.5749540046875 0.42050283593750004 0.5779330781249999
0 0.42327917968750006 0.5468418625 0.41670954531250004 0.5488238203125 0.41889825781249995 0.562278746875 0.425321815625 0.561375975 0.42327917968750006 0.5468418625
0 0.4187525484375 0.563068853125 0.421358815625 0.577500428125 0.4272541421875 0.5750276875 0.4249311953125 0.5617894484375 0.4187525484375 0.563068853125
3 0.521613090625 0.845365875 0.5106962953124999 0.7997407875 0.44983405468750004 0.8189720046875 0.44952733125 0.8185702125000001 0.4568854796875 0.8673648328124999 0.521613090625 0.845365875
3 0.44333417500000005 0.778064953125 0.449772740625 0.8185357234374999 0.5108190734375 0.7988337328124999 0.50119005 0.76059095 0.44333417500000005 0.778064953125
3 0.43934911249999997 0.7443677578125001 0.444070403125 0.7779614828125 0.5016195515625 0.7600856890625 0.49248090468749994 0.7271127828124999 0.43934911249999997 0.7443677578125001
3 0.43432095156250006 0.712151859375 0.439410428125 0.7448040406249999 0.4916833625 0.7267799703125 0.484998509375 0.697021403125 0.43432095156250006 0.712151859375
3 0.484139653125 0.6962523078125 0.47763845156249995 0.6713618234375 0.4305193921875 0.6851023656249999 0.43524127031250004 0.71157761875 0.484139653125 0.6962523078125
3 0.4772704109375 0.67052375 0.47150528906250005 0.6473094109375 0.42819013906250003 0.6596255515625 0.431132840625 0.68590595 0.4772704109375 0.67052375
3 0.471443975 0.64687313125 0.46635346875000006 0.626678278125 0.42518568125 0.6382477265625 0.42812882343750003 0.6591892703125 0.471443975 0.64687313125
3 0.4592999890625 0.603200109375 0.42224239375000006 0.6190858015625 0.42518568125 0.6382477265625 0.4658627984375 0.6249676390625 0.4594840828125 0.6027293375 0.4592999890625 0.603200109375
3 0.4602817703125 0.6012825328125 0.456663425 0.584439978125 0.41954495312500006 0.5945505328125 0.42236531718750003 0.6163991296875 0.4602817703125 0.6012825328125
3 0.4564181625 0.5826948484375001 0.4545172359375 0.5709497203125 0.4177053421875 0.5832416859375 0.41936100625000006 0.5932416859375 0.4564181625 0.5826948484375001
3 0.4156817859375 0.5706239953125001 0.41776680468749994 0.5818983515625 0.4537196953125 0.570616909375 0.4505918734375 0.5572646125 0.4156817859375 0.5706239953125001
2 0.4588538890625 0.804802265625 0.5116791046875 0.7853658796875 0.5035217984375 0.75581425 0.487141465625 0.749663265625 0.45487 0.756868121875 0.4432116921875 0.7754127703125 0.4588538890625 0.804802265625
2 0.4970817671875 0.733139665625 0.4857941421875 0.7204892546874999 0.459842428125 0.721022234375 0.4386136203125 0.7355731343749999 0.44443976406249996 0.762782990625 0.45419465 0.7627467296875 0.4957306234375 0.7502357359375 0.4970817671875 0.733139665625
2 0.43787915625 0.7143211828125 0.4487983 0.7314723734374999 0.49057953750000005 0.7207065109374999 0.494138771875 0.7104185046875 0.4892319203125 0.6950917375000001 0.46450769062499997 0.6901134109375 0.464814415625 0.690515203125 0.446592265625 0.6997496515625 0.43787915625 0.7143211828125
2 0.4633490125 0.605300453125 0.458686834375 0.5988372890625 0.44224489218749996 0.595809259375 0.4234092953125 0.604240121875 0.4219359625 0.6151247734374999 0.42770181875 0.6294410171875 0.43708851718749997 0.6303463 0.4362909765625 0.6300134875000001 0.43678179375 0.6299445078125 0.4640226 0.62077726875 0.4633490125 0.605300453125
2 0.437951340625 0.58306569375 0.41715232812499997 0.5935520953125 0.421507340625 0.604952325 0.4607118609375 0.5936587953125 0.45942423593750004 0.5844968703125 0.437951340625 0.58306569375
2 0.4610804875 0.5873783953125 0.4605906984375 0.5749900453125 0.4508364 0.5679078328125 0.43684869062500004 0.5627552859375 0.42408699843750003 0.5698876187499999 0.419852265625 0.58783385 0.44242971875 0.5864403953124999 0.4610804875 0.5873783953125
2 0.45206461718749996 0.5534984359374999 0.4334753125 0.551217096875 0.41967037500000004 0.5616103453125 0.423227846875 0.5726777625 0.432185190625 0.5723086875 0.4574622875 0.5687562234375 0.45206461718749996 0.5534984359374999