3 0.479425059375 0.8984387625 0.47382292187499997 0.84497274375 0.4057127203125 0.8586013375 0.40541787031250004 0.8575529843749999 0.40630241875 0.91259153125 0.479425059375 0.8984387625
1 0.41219940624999996 0.8984387625 0.41337880312499997 0.9209783578125 0.4829632515625 0.9078739421875 0.48119415625000006 0.8858585234374999 0.41219940624999996 0.8984387625
0 0.410135459375 0.821908971875 0.41337880312499997 0.8575529843749999 0.42546762656250003 0.8549321015625001 0.42340368125000005 0.819812265625 0.410135459375 0.821908971875
0 0.42222428437500004 0.7742088984375 0.410725159375 0.7763056046875 0.413083953125 0.8088045562499999 0.42281398281250004 0.8077562031250001 0.42222428437500004 0.7742088984375
0 0.41957063906250003 0.73279894375 0.41043030937499997 0.735944003125 0.4110200078125 0.757959421875 0.42075003750000006 0.757959421875 0.41957063906250003 0.73279894375
0 0.42016033906250005 0.6992516390625 0.4098406109375 0.7013483453125 0.4095457609375 0.702920875 0.41219940624999996 0.7254604703124999 0.419275790625 0.7233637640625 0.419275790625 0.7144527609375 0.42016033906250005 0.6992516390625
0 0.419275790625 0.6714702765625 0.4098406109375 0.6725186296875 0.41190455625 0.6971549312499999 0.4198654890625 0.6971549312499999 0.419275790625 0.6714702765625
0 0.41750669374999994 0.645785621875 0.410725159375 0.645785621875 0.41190455625 0.6725186296875 0.41868609218749997 0.669897746875 0.41750669374999994 0.645785621875
0 0.41043030937499997 0.62114931875 0.41160970625 0.6436889140625001 0.4183912421875 0.6447372687499999 0.4172118453125 0.6227218484375 0.41043030937499997 0.62114931875
0 0.41043030937499997 0.6007064296875 0.410725159375 0.62114931875 0.418980940625 0.622197671875 0.41750669374999994 0.5996580765624999 0.41043030937499997 0.6007064296875
0 0.41043030937499997 0.5813118937499999 0.4113148578125 0.5986097234375001 0.41780154375 0.5986097234375001 0.4172118453125 0.5818360703125001 0.41043030937499997 0.5813118937499999
0 0.41043030937499997 0.566110771875 0.4110200078125 0.57711848125 0.41603244687499996 0.5786910109375001 0.41691699531250004 0.564014065625 0.41043030937499997 0.566110771875
0 0.41750669374999994 0.5357085265625 0.410725159375 0.5367568796875 0.4110200078125 0.5503854734375 0.41750669374999994 0.5503854734375 0.41750669374999994 0.5357085265625
0 0.4107657546875 0.5511476109375 0.41133817187500005 0.5658014625 0.4175202640625 0.5641732562499999 0.41706233125000003 0.550740559375 0.4107657546875 0.5511476109375
3 0.47333711406249995 0.8450127593750001 0.46887634531250005 0.7983123671875 0.40592994375 0.8088860406249999 0.4056821234375 0.808445471875 0.40617776406250006 0.85778928125 0.47333711406249995 0.8450127593750001
3 0.40518648125 0.7674724859375 0.40592994375 0.808445471875 0.469124165625 0.797431228125 0.4649112171875 0.7582205203125 0.40518648125 0.7674724859375
3 0.40592994375 0.733548615625 0.40592994375 0.7674724859375 0.4654068578125 0.7577799515625 0.4609460890625 0.72385608125 0.40592994375 0.733548615625
3 0.405434303125 0.7009464546874999 0.40592994375 0.7339891859375001 0.46020262812499996 0.7234155109375 0.45772442343749997 0.6930162 0.405434303125 0.7009464546874999
3 0.45698096250000003 0.6921350609375 0.45400711562499996 0.666582015625 0.405434303125 0.67363113125 0.406425584375 0.7005058859375 0.45698096250000003 0.6921350609375
3 0.45375929531250003 0.6657008765625 0.45128109062500005 0.641910109375 0.4066734046875 0.6480780859374999 0.40592994375 0.6745122703125 0.45375929531250003 0.6657008765625
3 0.45128109062500005 0.641469540625 0.44905070625 0.6207627625 0.4066734046875 0.62649016875 0.4066734046875 0.6476375171875 0.45128109062500005 0.641469540625
3 0.4453334 0.5965314265624999 0.406425584375 0.6071051 0.4066734046875 0.62649016875 0.44880288593750006 0.6190004828125 0.4455812203125 0.59609085625 0.4453334 0.5965314265624999
3 0.4465725015625 0.5947691484375001 0.4453334 0.577586928125 0.4071690453125 0.5824331953125 0.40692122499999994 0.60446168125 0.4465725015625 0.5947691484375001
3 0.4453334 0.5758246484375 0.44508557812499994 0.563929265625 0.40692122499999994 0.57097838125 0.4071690453125 0.5811114859375001 0.4453334 0.5758246484375
3 0.4066734046875 0.558201859375 0.4071690453125 0.5696566734374999 0.44434211718750005 0.563488696875 0.44310301562500004 0.549831034375 0.4066734046875 0.558201859375
2 0.41683404375000005 0.79610951875 0.471850190625 0.7842141359375 0.4678850625 0.7538148234375 0.45252019375 0.7454439984375 0.41956006874999996 0.7480874171874999 0.405434303125 0.7648290671875 0.41683404375000005 0.79610951875
2 0.46466339687499997 0.7304646265625 0.45524621875 0.7163663953125 0.4294728890625 0.7132824078125 0.406425584375 0.7247372203125 0.4084081484375 0.7524931140625 0.418073146875 0.7538148234375 0.4609460890625 0.7472062765625 0.46466339687499997 0.7304646265625
2 0.40865596875000004 0.7035898734375 0.4170818640625 0.7220938015625 0.45995480781250003 0.7172475359375 0.4649112171875 0.7075550015625 0.4621851921875 0.691694490625 0.4383944265625 0.683323665625 0.43864224687500003 0.6837642359375 0.41931224843750003 0.69037278125 0.40865596875000004 0.7035898734375
2 0.44905070625 0.5991748453125 0.4453334 0.5921257296875 0.4294728890625 0.5868388921875 0.40964725 0.5925662984375 0.4066734046875 0.6031399734375 0.41039071250000003 0.61811934375 0.41956006874999996 0.6203221921875001 0.41881660781249996 0.6198816234375 0.41931224843750003 0.6198816234375 0.44756378281250003 0.6145947859375 0.44905070625 0.5991748453125
2 0.426994684375 0.5736218 0.40493866093750003 0.5811114859375001 0.4076646859375 0.5930068687500001 0.448059425 0.5872794625 0.448059425 0.5780274984375 0.426994684375 0.5736218
2 0.4492985265625 0.5811114859375001 0.4505376296875 0.5687755328125 0.4418639125 0.5604047078125001 0.4287294265625 0.5533555921875 0.41509930156249997 0.5586424296875 0.4084081484375 0.5758246484375 0.4309598109375 0.577586928125 0.4492985265625 0.5811114859375001
2 0.449570784375 0.5651637015625 0.4500038984375 0.5520740796875 0.439176084375 0.5436043234375 0.42271780937500003 0.5428343453125 0.42271780937500003 0.5420643671875001 0.41405555937500005 0.5505341234375 0.417087346875 0.5659336796875001 0.449570784375 0.5651637015625