3 0.5142295796874999 0.89871580625 0.5039888890625 0.8459415015625 0.437325678125 0.8654544296875001 0.4369405796875 0.8644357625 0.4426186875 0.919187778125 0.5142295796874999 0.89871580625
1 0.447259740625 0.9045749093750001 0.4503991046875 0.9269259421875 0.5185766375 0.9078067093750001 0.5148955046875 0.886029253125 0.447259740625 0.9045749093750001
0 0.43853363593749994 0.828516221875 0.44487121875 0.8637419218750001 0.456685615625 0.8600774015624999 0.4515686296875 0.8252710921874999 0.43853363593749994 0.828516221875
0 0.44641912499999997 0.7799440515625 0.435146496875 0.7830349937500001 0.4403287859375 0.8152046937499999 0.44993041875 0.8133123031249999 0.44641912499999997 0.7799440515625
0 0.4401664625 0.7389229546875 0.4313350234375 0.742852678125 0.43384124843749994 0.764732925 0.443534253125 0.7638848984375 0.4401664625 0.7389229546875
0 0.437830078125 0.7054519109374999 0.42773235937500004 0.7084400625 0.4275756859375 0.71003230625 0.4321836890625 0.7322548515625 0.4390504046875 0.7295493765625001 0.4382737609375 0.7206722812499999 0.437830078125 0.7054519109374999
0 0.434527590625 0.677853359375 0.425219684375 0.679720053125 0.4294229703125 0.7040827203125 0.437353609375 0.7033888796875 0.434527590625 0.677853359375
0 0.430526659375 0.6524206296874999 0.42377093125 0.653011678125 0.427275775 0.67954016875 0.43380308125000006 0.676338209375 0.430526659375 0.6524206296874999
0 0.4213300078125 0.628494821875 0.424469371875 0.65084585625 0.43131647187500005 0.6512991718750001 0.42822279375 0.6294703171875 0.4213300078125 0.628494821875
0 0.41954829218749995 0.6081297250000001 0.4216237359375 0.6284691234374999 0.42993947187500003 0.6287939484375 0.42650637968750005 0.6064686125 0.41954829218749995 0.6081297250000001
0 0.417857946875 0.588808990625 0.42024673593750006 0.6059639031249999 0.4267087375 0.6053985515625 0.4246593625 0.588740121875 0.417857946875 0.588808990625
0 0.41653308281249996 0.5736657140625 0.418079921875 0.5845801390625 0.42321034218750003 0.585709821875 0.4228123453125 0.571011634375 0.41653308281249996 0.5736657140625
0 0.420932809375 0.5427624109375 0.41426844999999995 0.5443978234375 0.41574998750000003 0.5579488593749999 0.42221198906249996 0.55738350625 0.420932809375 0.5427624109375
0 0.4155631265625 0.55873025625 0.4174105328125 0.57327845625 0.4234271921875 0.571117640625 0.42180026562500006 0.5577759703125 0.4155631265625 0.55873025625
3 0.5035084171875 0.8460237046874999 0.494994415625 0.799889803125 0.43320910156250003 0.81590938125 0.43292382500000004 0.8154920890625 0.4377181765625 0.86460493125 0.5035084171875 0.8460237046874999
3 0.4288590390625 0.774718215625 0.43317070312499995 0.8154704890625 0.495164496875 0.79899041875 0.4875501421875 0.7602961015624999 0.4288590390625 0.774718215625
3 0.42664301250000003 0.7408586374999999 0.429599671875 0.77465341875 0.48800549843749996 0.7598140124999999 0.48060504374999996 0.7264080140625 0.42664301250000003 0.7408586374999999
3 0.42330779218750003 0.7084237359375 0.426681409375 0.7412975328125 0.4798260140625 0.7260339171875 0.474707765625 0.695966275 0.42330779218750003 0.7084237359375
3 0.4738903375 0.6951532859375 0.4687007125 0.6699566640625 0.4209271046875 0.68121235625 0.42425690312500003 0.7078984484374999 0.4738903375 0.6951532859375
3 0.4683770375 0.6691004781250001 0.4638347625 0.64561623125 0.419934396875 0.655648553125 0.42149765468749995 0.68204694375 0.4683770375 0.6691004781250001
3 0.4637963640625 0.6451773390625 0.4597697515625 0.624743746875 0.4180528859375 0.634142784375 0.4198959984375 0.6552096609375 0.4637963640625 0.6451773390625
3 0.453954690625 0.6009286031250001 0.41611648749999997 0.6148530796875 0.4180528859375 0.634142784375 0.45936928125 0.623009771875 0.4541631703125 0.6004681109375001 0.453954690625 0.6009286031250001
3 0.455035484375 0.5990650359374999 0.45230356875 0.5820561953125 0.414706821875 0.5902102625000001 0.41637985312500003 0.6121765234375001 0.455035484375 0.5990650359374999
3 0.4521499765625 0.5803006203125001 0.450866346875 0.568472103125 0.413461590625 0.5788206375 0.4145916265625 0.5888935828124999 0.4521499765625 0.5803006203125001
3 0.4121011671875 0.5661143328125 0.41359327500000004 0.577482359375 0.4500873171875 0.5680980078125 0.44766258593749997 0.5546003109375001 0.4121011671875 0.5661143328125
2 0.48488417968749997 0.7326674265625 0.47427409374999996 0.7194436046875 0.448330053125 0.7186176468750001 0.42636880312500003 0.732037575 0.43076290781250004 0.7595150578125 0.44050632343749996 0.7599893765625 0.482640146875 0.7496693546875 0.48488417968749997 0.7326674265625
2 0.42674758749999997 0.710776309375 0.43675414218749997 0.728475459375 0.47904156249999996 0.7199110125 0.4831343515625 0.70982338125 0.47903636406250005 0.6942608124999999 0.4546065640625 0.68799534375 0.45489184062500004 0.6884126375 0.4362113703125 0.6966807562499999 0.42674758749999997 0.710776309375
2 0.457888240625 0.603237978125 0.453570709375 0.596539671875 0.43730977343750005 0.5926552875 0.4180587546875 0.6000888171875001 0.41601778125 0.6108814437500001 0.42102648125000003 0.625479828125 0.43035293750000003 0.62687513125 0.4295739078125 0.6265010359375001 0.43006766093750004 0.6264578390625 0.4577509125 0.6187288359374999 0.457888240625 0.603237978125
2 0.43368905468749996 0.5797044796875 0.4123697296875 0.5890879734375 0.41612213281250005 0.600700503125 0.45586398125 0.5914742578125 0.45505761875 0.5822575 0.43368905468749996 0.5797044796875
2 0.4565607921875 0.58522175625 0.45672003125 0.57282475 0.44734975468749993 0.5652417437499999 0.433650878125 0.5593641984375 0.4205333984375 0.5658188609375 0.4153652359375 0.5835188687499999 0.43798467656250006 0.5833089359375 0.4565607921875 0.58522175625
2 0.45544207343750004 0.5693109296875 0.454732703125 0.55623336875 0.4432079046875 0.54873955 0.42674515 0.549406934375 0.42667804218749994 0.5486398859375 0.41878694375 0.557832378125 0.423149353125 0.5729090953125 0.45544207343750004 0.5693109296875