3 0.49334290468750003 0.8989141 0.48587824375000005 0.8456761625 0.41828516406249994 0.8616734656249999 0.41795390625 0.8606360421874999 0.42075873281250004 0.915610190625 0.49334290468750003 0.8989141
1 0.4261582046875 0.901260240625 0.42812350312499997 0.9237449453125001 0.49720822499999995 0.9082200500000001 0.49467188125000006 0.8862797828125 0.4261582046875 0.901260240625
0 0.4214246640625 0.8248491015624999 0.42590998906250005 0.860358209375 0.43789998125 0.857317028125 0.434611628125 0.8222906171875 0.4214246640625 0.8248491015624999
0 0.431841415625 0.776756190625 0.4204224703125 0.779252934375 0.4239140234375 0.8116497671875 0.4336015390625 0.8102624796875 0.431841415625 0.776756190625
0 0.42774419999999996 0.7354640734375 0.41871919999999996 0.738926209375 0.420076865625 0.7609076375 0.42980096874999996 0.7605680640625 0.42774419999999996 0.7354640734375
0 0.4271627578125 0.701916625 0.4169224890625 0.70437220625 0.41668269999999996 0.70595406875 0.4201213484375 0.728387321875 0.4271202484375 0.7260449312499999 0.42680925937499997 0.7171393562499999 0.4271627578125 0.701916625
0 0.42530919218749996 0.67418305625 0.415916346875 0.675560053125 0.41883882968749997 0.7001093171874999 0.4267949125 0.699831484375 0.42530919218749996 0.67418305625
0 0.422644790625 0.6485757875 0.41586738749999996 0.6488124609375 0.41797903437499995 0.675488021875 0.42466497187499996 0.6726320640625 0.422644790625 0.6485757875
0 0.4147129234375 0.6242014546875 0.416678221875 0.646686159375 0.4234922140625 0.647497203125 0.4215452078125 0.6255363546875 0.4147129234375 0.6242014546875
0 0.41399947656249997 0.60377101875 0.41500759374999996 0.624191165625 0.42329493281249997 0.62495075625 0.4210349625 0.6024763421875 0.41399947656249997 0.60377101875
0 0.4133226171875 0.5843882984375 0.41481031249999994 0.6016447203124999 0.42129304687499997 0.6014183375 0.420118315625 0.5846754828125 0.4133226171875 0.5843882984375
0 0.41279210624999996 0.5691964359374999 0.41376560781249994 0.5801768593750001 0.418829875 0.5815735 0.419201665625 0.566874625 0.41279210624999996 0.5691964359374999
0 0.41880315625 0.5385657484374999 0.4120623390625 0.5398501359375001 0.4128326390625 0.5534601375 0.41931537343749997 0.5532337546874999 0.41880315625 0.5385657484374999
0 0.4126051390625 0.5542306828125 0.4136886203125 0.56885563125 0.41981012343749996 0.567012665625 0.418883675 0.5536041328125 0.4126051390625 0.5542306828125
3 0.485394128125 0.8457331078125 0.47930625625 0.79921684375 0.416767215625 0.8119808734375 0.41650417031250003 0.8115492218749999 0.41872158437499996 0.860845675 0.485394128125 0.8457331078125
3 0.41457889375 0.77061849375 0.41675184062500004 0.8115405734375001 0.479523175 0.7983275921875 0.4739443578125 0.7592878 0.41457889375 0.77061849375
3 0.41413797812500003 0.7366893421875 0.415321903125 0.770592546875 0.47442432187500005 0.7588302015624999 0.46878234374999994 0.7250826765625 0.41413797812500003 0.7366893421875
3 0.41250484062500004 0.7041243390624999 0.414153353125 0.73712964375 0.4680239609375 0.7246683203125001 0.4644863453125 0.694374015625 0.41250484062500004 0.7041243390624999
3 0.4637125859375 0.6935193609375 0.45984876249999995 0.6680856671875001 0.41155154843749997 0.6768256546875 0.4134801421875 0.70364944375 0.4637125859375 0.6935193609375
3 0.459570340625 0.6672137140625 0.45626336093750003 0.6435239265625 0.41189810781249997 0.65124493125 0.4120776390625 0.677688959375 0.459570340625 0.6672137140625
3 0.456247984375 0.6430836265625001 0.453296303125 0.6224673015625 0.41114470000000003 0.629670165625 0.41188273124999997 0.65080463125 0.456247984375 0.6430836265625001
3 0.4487356 0.5983804593750001 0.41022050156249995 0.6103055546875 0.41114470000000003 0.629670165625 0.45298713125 0.62071474375 0.44896789375 0.5979315078125 0.4487356 0.5983804593750001
3 0.44991244375 0.5965760109375 0.44807444687500003 0.5794475015625 0.410102471875 0.5856227328125 0.41062358593750004 0.6076464484375 0.44991244375 0.5965760109375
3 0.44801294374999995 0.5776862953124999 0.4473501296875 0.5658068078125 0.4094550359375 0.5741835453124999 0.4100563453125 0.584301828125 0.44801294374999995 0.5776862953124999
3 0.408761471875 0.56142345625 0.409656578125 0.57285399375 0.4465917453125 0.5653924531250001 0.44487675312499997 0.5517863546874999 0.408761471875 0.56142345625
2 0.47272802187499996 0.7315574640625 0.462824559375 0.717796475 0.4369593015625 0.7156138421875 0.414325803125 0.7278660171875 0.4172758265625 0.7555358109375 0.42698106406249997 0.7565194125 0.46959725468749997 0.748418646875 0.47272802187499996 0.7315574640625
2 0.415816796875 0.7066537125 0.4248833375 0.724852309375 0.46756103125 0.7185127515625 0.4721761578125 0.7086531453125 0.46889826875 0.6928974328125 0.44482985937499997 0.6853619937500001 0.44509290312500005 0.685793646875 0.426005315625 0.6930727734375 0.415816796875 0.7066537125
2 0.4525428953125 0.6008925359374999 0.44858184375 0.5939774453125 0.4325464859375 0.589247353125 0.41293280781249997 0.595663175 0.41032979062499997 0.6063341953125 0.41456760625 0.6211747078125 0.4238082546875 0.6230562078124999 0.42304987031249996 0.6226418546875 0.423545209375 0.62262455625 0.45159502656250006 0.6163549749999999 0.4525428953125 0.6008925359374999
2 0.4296085203125 0.5761248 0.40782732031249996 0.5843796671875 0.41096682656250005 0.5961726671875 0.451137075 0.58903899375 0.4508141859375 0.579792665625 0.4296085203125 0.5761248
2 0.45216016249999996 0.58283153125 0.4529679921875 0.5704598484375001 0.44400742187500003 0.56239683125 0.4306349265625 0.555810396875 0.4171976125 0.5615696984375 0.41111018593750004 0.5789749671875 0.43370961250000006 0.5799491328124999 0.45216016249999996 0.58283153125
2 0.45187568437500003 0.5668839593749999 0.45185171406249997 0.553787196875 0.44073490625 0.545700484375 0.42425978437499995 0.5455053609375 0.42423291250000006 0.5447358515625 0.4158715296875 0.5535027578125 0.4194389078125 0.568787125 0.45187568437500003 0.5668839593749999
2 0.47221087500000003 0.6031553015625 0.47011855 0.6425211703125 0.48532199687500005 0.64353115 0.4912562171875 0.6024902234375 0.47221087500000003 0.6031553015625