3 0.5281358921875 0.897976315625 0.51605964375 0.845591553125 0.45011803281249996 0.8674191062500001 0.44969761874999997 0.8664145 0.4572830859375 0.9209350000000001 0.5281358921875 0.897976315625
1 0.4614113296875 0.9061690609375 0.4653288203125 0.9283969171875001 0.5327975703125001 0.90690996875 0.5283586578125 0.8852742484375 0.4614113296875 0.9061690609375
0 0.45003613124999997 0.83046124375 0.4575992125 0.8654443078125 0.469278521875 0.861369703125 0.46294992968750004 0.8267631765625 0.45003613124999997 0.83046124375
0 0.456221671875 0.7816434625 0.44506378281250003 0.78512593125 0.45136562031249994 0.8170951750000001 0.46089536249999996 0.81486884375 0.456221671875 0.7816434625
0 0.4485412015625 0.74086556875 0.4398522890625 0.7451011109375 0.44312059687499994 0.7668805640625 0.4527781 0.765694771875 0.4485412015625 0.74086556875
0 0.44503811875 0.7074964546875 0.43505083593749994 0.710835190625 0.4349498265625 0.7124319328125 0.44033057812500004 0.7344801234375 0.44709869218750004 0.7315366515624999 0.4460127140625 0.72269206875 0.44503811875 0.7074964546875
0 0.4407744671875 0.68002996875 0.431537378125 0.6822203671875 0.4365883484375 0.7064215015624999 0.44448994218750004 0.7054513078125 0.4407744671875 0.68002996875
0 0.435888384375 0.6547523625 0.4291573984375 0.6555788234375 0.4335859390625 0.6819688359375 0.4399975203125 0.678541028125 0.435888384375 0.6547523625
0 0.4258623359375 0.6311620890625 0.42977982812500004 0.6533899453124999 0.436638578125 0.653604025 0.4327849671875 0.6318964359375 0.4258623359375 0.6311620890625
0 0.423370975 0.610871578125 0.4261549890625 0.63112615625 0.43447699375 0.63116056875 0.43026685000000003 0.6089686453125001 0.423370975 0.610871578125
0 0.421007375 0.59162160625 0.42399340625 0.6086827015625 0.430431740625 0.6078921734375 0.42780224375 0.5913154140625 0.421007375 0.59162160625
0 0.419154825 0.5765337921875 0.42108162968749996 0.5873875843749999 0.42624835 0.58833753125 0.4253376359375 0.5736621859375 0.419154825 0.5765337921875
0 0.4224733609375 0.545495765625 0.41587013749999996 0.547362765625 0.4178236953125 0.560853840625 0.42426203124999995 0.5600633125 0.4224733609375 0.545495765625
0 0.41766421875 0.5616412828125 0.420018225 0.576116146875 0.4259558078125 0.5737466703125 0.4238642546875 0.56046990625 0.41766421875 0.5616412828125
3 0.515582334375 0.8456904749999999 0.50546346875 0.7998818109375 0.4442748671875 0.81804790625 0.44397520156250003 0.8176408234375 0.4504806453125 0.8665564281249999 0.515582334375 0.8456904749999999
3 0.43848990312499997 0.7770336484375 0.444221175 0.817610621875 0.5056020578125 0.7989770390625 0.49664192968750004 0.76057203125 0.43848990312499997 0.7770336484375
3 0.43509354375 0.7432720359375 0.43922782343750005 0.7769430421875 0.49708018281250005 0.7600743421875 0.488518384375 0.7269469671875 0.43509354375 0.7432720359375
3 0.43062839375 0.7109732890625 0.43514723593750004 0.743709321875 0.4877267734375 0.7266002859375 0.48156229687499996 0.6967295828125 0.43062839375 0.7109732890625
3 0.48071699375000004 0.6959456171875 0.47465118124999994 0.6709454609375001 0.42729949375 0.6838615703125 0.43155859531249996 0.7104151984375 0.48071699375000004 0.6959456171875
3 0.47429782343750004 0.6701010921874999 0.4689387265625 0.6467896750000001 0.42541522656249997 0.6583479859375 0.4278988234375 0.6846757390625 0.47429782343750004 0.6701010921874999
3 0.46888503437500006 0.6463523890625 0.46414775312499995 0.626071771875 0.4227843203125 0.6369209812500001 0.425361534375 0.6579107 0.46888503437500006 0.6463523890625
3 0.45750509843750004 0.602474078125 0.4201759015625 0.6177106078125 0.4227843203125 0.6369209812500001 0.4636870125 0.6243528296874999 0.4576973796875 0.6020065906250001 0.45750509843750004 0.602474078125
3 0.4585201953125 0.600573928125 0.45519634531250003 0.5836707890625 0.41790707187500004 0.5931319984375001 0.420345696875 0.6150264890625 0.4585201953125 0.600573928125
3 0.45498157656249993 0.5819216453125 0.45328591874999996 0.57014513125 0.416265109375 0.58179276875 0.417745996875 0.591820140625 0.45498157656249993 0.5819216453125
3 0.41446206874999997 0.5691416828125 0.41635000624999996 0.5804507109375 0.4524943078125 0.5697984515625001 0.44959999218749996 0.5563936 0.41446206874999997 0.5691416828125
2 0.4535406234375 0.80403774375 0.5066970046875 0.7855262453125 0.4990566875 0.755836753125 0.48278619999999994 0.749400828125 0.45039390625 0.7560413734375 0.4384137265625 0.77437973125 0.4535406234375 0.80403774375
2 0.4930133625 0.7330532265625 0.4819482375 0.720207746875 0.455991175 0.7202877265625001 0.43451165156249993 0.734465915625 0.43986202968750004 0.7617733078125 0.44961606249999997 0.7619072984375 0.49136405781250003 0.7501231125000001 0.4930133625 0.7330532265625
2 0.434148196875 0.7132043828125 0.4447663484375 0.7305435265625 0.48672911250000006 0.7205084875 0.4904673546875 0.710284165625 0.48582873906249996 0.6948740953125 0.461195159375 0.6894650296875 0.46149482500000005 0.6898721140624999 0.4431142890625 0.6987871343750001 0.434148196875 0.7132043828125
2 0.4615168484375 0.60464476875 0.456968178125 0.598101221875 0.4405815859375 0.5947867015625 0.42160172031250004 0.602887553125 0.4199386484375 0.613744834375 0.4254537734375 0.6281595249999999 0.4348232421875 0.629228490625 0.43403163125 0.6288818109375 0.43452357812500003 0.6288214078125 0.46192022499999996 0.62013098125 0.4615168484375 0.60464476875
2 0.4365110953125 0.58197014375 0.4155322375 0.59209195625 0.419687625 0.603566453125 0.4590832734375 0.5929588578125 0.4579557421875 0.5837758578125001 0.4365110953125 0.58197014375
2 0.4595614515625 0.5866858484375 0.45928794375 0.5742908375 0.4496587328125 0.5670394671875 0.43576307812500004 0.5616435859375 0.422878853125 0.5685521109375 0.41833156093749996 0.5864217015625 0.44092989375 0.5854224890624999 0.4595614515625 0.5866858484375
2 0.457888134375 0.57082375625 0.45672279531250004 0.55777891875 0.44494348749999996 0.5506918734374999 0.42851405312499996 0.55193339375 0.428420215625 0.5511691562500001 0.4208547359375 0.5606314421875 0.425740659375 0.57554673125 0.457888134375 0.57082375625