3 0.5072688624999999 0.8989034203124999 0.4979507703125 0.8459584281250001 0.4309571640625 0.8643049515625 0.430589903125 0.86327971875 0.43531159218750004 0.9181224921875 0.5072688624999999 0.8989034203124999
1 0.4402069671875 0.9035928453125001 0.4429557734375 0.925995265625 0.5114566 0.9080688046875001 0.508156096875 0.8862304203125 0.4402069671875 0.9035928453125001
0 0.4328096 0.8273934515624999 0.43853144374999997 0.8627243921875 0.45040799531250003 0.8592666203125001 0.4458992421875 0.8243763078124999 0.4328096 0.8273934515624999
0 0.4415415875 0.7789662984375 0.4302167328125 0.7818600359375 0.43483679375 0.81411528125 0.44446999218750005 0.8123907484374999 0.4415415875 0.7789662984375
0 0.43600579375 0.7378423265625 0.42710711874999996 0.741617321875 0.42923109843749996 0.7635379765625 0.4389374265625 0.76285924375 0.43600579375 0.7378423265625
0 0.434253915625 0.7043356046875 0.4241055859375 0.7071470718749999 0.423921146875 0.7087363390625 0.4281406109375 0.7310359203125001 0.4350535 0.728450696875 0.43443189843749996 0.7195614015625 0.434253915625 0.7043356046875
0 0.4314335921875 0.6766836203125 0.42209452656249996 0.678387584375 0.42587198437499996 0.7028198999999999 0.433813525 0.702264571875 0.4314335921875 0.6766836203125
0 0.42787713437499997 0.6511849375 0.42111211875 0.65165799375 0.42415344375 0.6782436109375001 0.4307356359375 0.67515605625 0.42787713437499997 0.6511849375
0 0.4190994453125 0.6271022703125 0.421848253125 0.6495046906249999 0.42868639843749995 0.6500774359375 0.42597415625 0.6281979140625 0.4190994453125 0.6271022703125
0 0.417673421875 0.6067091796875 0.41939357812500005 0.627081703125 0.42770237812499995 0.6275516078125001 0.4246594390625 0.60516975625 0.417673421875 0.6067091796875
0 0.416320528125 0.5873618875 0.41840955625 0.604555878125 0.4248804421875 0.6041033890625 0.42312210937500006 0.58741173125 0.416320528125 0.5873618875
0 0.4152601515625 0.5721977953125 0.416616271875 0.5831375546875 0.4217261953125 0.5843566046875 0.4215847765625 0.5696537078125 0.4152601515625 0.5721977953125
0 0.42019854375000004 0.541375984375 0.41350665937500003 0.542894840625 0.414751471875 0.5564696671875 0.42122235625000004 0.5560171796875 0.42019854375000004 0.541375984375
0 0.41455100156249997 0.5572476843749999 0.41614422500000003 0.571825909375 0.42219768125 0.5697704296875 0.4208038453125 0.556402396875 0.41455100156249997 0.5572476843749999
3 0.4974689375 0.8460322343750001 0.48976137968750005 0.7997567703125 0.4277058953125 0.8146956046874999 0.42742794531249995 0.8142733968750001 0.4313644296875 0.8634624328125 0.4974689375 0.8460322343750001
3 0.42407537968750003 0.77343479375 0.42767516250000004 0.814256109375 0.48994713125 0.798860490625 0.4830092453125 0.760039178125 0.42407537968750003 0.77343479375
3 0.42245062187500004 0.7395416984375001 0.42481703125000003 0.77338293125 0.4834729453125 0.7595651078125 0.47665663281250004 0.7260350421874999 0.42245062187500004 0.7395416984375001
3 0.41968197656250006 0.707053528125 0.4224813546875 0.7399811953125 0.47588425 0.72564740625 0.471291534375 0.6954950171875 0.41968197656250006 0.707053528125
3 0.47048841875 0.6946678859375 0.4657393265625 0.66938453125 0.41777655625000004 0.67980474375 0.42064011093750003 0.706544884375 0.47048841875 0.6946678859375
3 0.46543064375 0.6685228265625 0.46129891562500003 0.6449628828125 0.41723014843749995 0.654227509375 0.4183324546875 0.6806491625 0.46543064375 0.6685228265625
3 0.461268184375 0.6445233874999999 0.45759879999999997 0.6240226328125 0.4157242515625 0.6326921796875 0.417199415625 0.6537880140625 0.461268184375 0.6445233874999999
3 0.45220025625 0.6001096296874999 0.4141248015625 0.61337161875 0.4157242515625 0.6326921796875 0.45722865312499994 0.622281934375 0.45241674062500004 0.5996528453125001 0.45220025625 0.6001096296874999
3 0.45331340937500003 0.5982652093749999 0.45087875625 0.5812112796875 0.4131454265625 0.5887079515625 0.4144348390625 0.610700065625 0.45331340937500003 0.5982652093749999
3 0.450755825 0.5794532921875 0.44967882656249997 0.5676041734374999 0.4120991625 0.577298328125 0.413053228125 0.5873894625 0.450755825 0.5794532921875
3 0.41096069999999996 0.5645702171875 0.41225418124999996 0.575962553125 0.44890644531249996 0.5672165390624999 0.4467176515625 0.55367858125 0.41096069999999996 0.5645702171875
2 0.4376921875 0.8011895750000001 0.49174453749999997 0.7854854359375001 0.4856685203125 0.75543676875 0.469757159375 0.7481581328125 0.43706172031249996 0.7530942953124999 0.4241382015625 0.7707805265625 0.4376921875 0.8011895750000001
2 0.480825875 0.7323681828125 0.47044819374999997 0.718961203125 0.44452251875000004 0.717682584375 0.422330403125 0.73071719375 0.426244290625 0.758267178125 0.43597794375000004 0.7589114718750001 0.47828546093749996 0.7493283578125001 0.480825875 0.7323681828125
2 0.423080190625 0.7094657765625 0.4327763296875 0.7273368687499999 0.475206778125 0.71951174375 0.47947499687499995 0.709497078125 0.47564923906249995 0.6938653593749999 0.4513325078125 0.6871744859375 0.45161045624999996 0.6875966953125 0.43278853437500003 0.6955375359375 0.423080190625 0.7094657765625
2 0.45609290312499995 0.602487303125 0.45189293125 0.595714665625 0.4357022640625 0.5915470796875 0.41632444375000005 0.5986435015625 0.414095425 0.6093988640625 0.41884858437499994 0.6240824390624999 0.42814926875000003 0.6256402999999999 0.4273768859375 0.6252526656249999 0.42787131875 0.625218090625 0.45568524374999997 0.6179734046875 0.45609290312499995 0.602487303125
2 0.43230811874999997 0.5785350546875 0.4108282765625 0.5875450468750001 0.41437744062500004 0.5992212953125 0.45427425781249997 0.5906900453125 0.45362887343749997 0.58146061875 0.43230811874999997 0.5785350546875
2 0.455080084375 0.5844506578125 0.45545565625 0.5720583203125 0.44621914843750005 0.5643129328125001 0.43262493593749995 0.5581972046875 0.41939680468749996 0.564421953125 0.413920521875 0.58202906875 0.43654017968750003 0.5822139296875 0.455080084375 0.5844506578125
2 0.4484495234375 0.5500243125 0.43006463906250003 0.5464518078125 0.4155683328125 0.5558567546875001 0.41834511562500004 0.56714536875 0.42730638593750003 0.567402025 0.452769715625 0.5656214562499999 0.4484495234375 0.5500243125