3 0.4310209515625 0.8929614062500001 0.431976440625 0.8392111859375 0.3627130140625 0.8444376484375 0.3625481234375 0.8433611765625001 0.3567185671875 0.8980972734374999 0.4310209515625 0.8929614062500001
1 0.3642963875 0.8847686593749999 0.3627201078125 0.90728398125 0.43338291093750003 0.9027574546875 0.43431000781250007 0.8806905359374999 0.3642963875 0.8847686593749999
0 0.3715744609375 0.8085577781250001 0.37044971718749997 0.8443313703124999 0.3827678375 0.8432032796875 0.38499930781249997 0.808093690625 0.3715744609375 0.8085577781250001
0 0.3893863546875 0.7626865109375001 0.3777174171875 0.7633661984375 0.37609800312499997 0.795910371875 0.38588326875 0.7960556265625 0.3893863546875 0.7626865109375001
0 0.3917990921875 0.721261821875 0.3823436078125 0.7232695125 0.38024590625 0.7451926984374999 0.389903409375 0.746378490625 0.3917990921875 0.721261821875
0 0.3964727859375 0.688036440625 0.3859744546875 0.688859859375 0.38549015937500003 0.690384734375 0.3853771390625 0.713079721875 0.39265630156250003 0.7118610375000001 0.3937422796875 0.7030164562500001 0.3964727859375 0.688036440625
0 0.3989805265625 0.6603543562499999 0.38948791250000003 0.6602450359375001 0.3885340640625 0.684949234375 0.3964356578125 0.685919428125 0.3989805265625 0.6603543562499999
0 0.4003547890625 0.634645553125 0.393623803125 0.6338190921875 0.39153647343750003 0.66049656875 0.3985868671875 0.6587216828125 0.4003547890625 0.634645553125
0 0.3963335609375 0.609330490625 0.39475728125 0.6318458109375 0.40136050624999997 0.6337128140625 0.40287290468750003 0.6117177609375 0.3963335609375 0.609330490625
0 0.398824921875 0.5890399796875 0.3966262125 0.6093664234375 0.40469269375000005 0.6114130890625 0.405976321875 0.5888618359375 0.398824921875 0.5890399796875
0 0.401188521875 0.5697900078125 0.3999584015625 0.5870667015625 0.4063967359375 0.5878572296875 0.407855628125 0.5711367390625 0.401188521875 0.5697900078125
0 0.403041071875 0.5547021921875 0.40228487187499995 0.56569971875 0.40706830624999996 0.5678713890625 0.40973493124999993 0.55341164375 0.403041071875 0.5547021921875
0 0.4137698109375 0.52538895625 0.40691106406250005 0.5256030328125 0.40554280625 0.539165975 0.41198114218750004 0.539956503125 0.4137698109375 0.52538895625
0 0.4051975671875 0.5398914453125 0.40397986250000006 0.5545058296875001 0.410314303125 0.5536431671875001 0.4114968171875 0.5402547875 0.4051975671875 0.5398914453125
3 0.4314893765625 0.8391916984375 0.43275320468749995 0.7922957734375 0.3689873890625 0.7951193953125 0.36879510781249997 0.7946519078125001 0.36327355625 0.8436883203125 0.4314893765625 0.8391916984375
3 0.3732965109375 0.7539239249999999 0.36904108125 0.794682109375 0.4331065609375 0.7914514031250001 0.43370359843750006 0.7520195375000001 0.3732965109375 0.7539239249999999
3 0.3781687109375 0.7203435234375 0.37403443125 0.75401453125 0.4342492359375 0.7516426546874999 0.43395599687499997 0.7174280171875 0.3781687109375 0.7203435234375
3 0.38164996875 0.6879239703125 0.37811501875000003 0.720780809375 0.43327177031249997 0.7169001265625 0.43451678125 0.6864253890625001 0.38164996875 0.6879239703125
3 0.43388624687500005 0.6854602140625 0.43404869843749994 0.659735215625 0.38497886875 0.6608122515625 0.38268755312499997 0.6876074921875001 0.43388624687500005 0.6854602140625
3 0.433910109375 0.65883044375 0.4343497421875 0.6349149921875 0.38932286718750003 0.6356006828125 0.38536343125 0.6617472265625 0.433910109375 0.65883044375
3 0.43440343437499995 0.63447770625 0.4347131953125 0.6136534578124999 0.3919537734375 0.6141736796874999 0.389376559375 0.6351633984375 0.43440343437499995 0.63447770625
3 0.4339766546875 0.5891497140624999 0.3940702453125 0.5949029015625 0.3919537734375 0.6141736796874999 0.434681990625 0.6118741125 0.4342763203125 0.588742628125 0.4339766546875 0.5891497140624999
3 0.4354212875 0.5875515796874999 0.4362854078125 0.570346425 0.39781491406249997 0.5705055031249999 0.39488434375 0.592339590625 0.4354212875 0.5875515796874999
3 0.4365001765625 0.5685972796875001 0.437703884375 0.5567603625 0.39896493125 0.5591058703125 0.3979759890625 0.5691936453124999 0.4365001765625 0.5685972796875001
3 0.400276025 0.5463943812500001 0.3993719796875 0.557824215625 0.43701965625000005 0.556232471875 0.43745424218749995 0.542525603125 0.400276025 0.5463943812500001
2 0.4368402171875 0.7244403296875 0.4292113765625 0.70929951875 0.40400600000000003 0.703097540625 0.379734496875 0.7116582109375 0.37831969062500004 0.7394488296875 0.387751571875 0.7419385546874999 0.431110325 0.7406041640625001 0.4368402171875 0.7244403296875
2 0.38452546875000004 0.6909403078125 0.390633496875 0.71033316875 0.433777484375 0.710747925 0.43987817187499995 0.701731671875 0.43910537656250004 0.6856571625 0.41651209062500005 0.6744493687500001 0.416704371875 0.6749168562500001 0.3967130765625 0.6791204078125 0.38452546875000004 0.6909403078125
2 0.4373441015625 0.5922264546875 0.434513575 0.58477685625 0.4194155890625 0.577596515625 0.39903973125 0.5808650921875 0.394799446875 0.5909975328125 0.3966635203125 0.606318275 0.40549606875000005 0.6096221671875 0.40481184218750005 0.6090942765625 0.4053037875 0.6091546812499999 0.43398904375 0.607350246875 0.4373441015625 0.5922264546875
2 0.4185666140625 0.564175925 0.39576222968749997 0.5689218296874999 0.397018253125 0.581060765625 0.437809890625 0.58029893125 0.43893742187499996 0.5711159296874999 0.4185666140625 0.564175925
2 0.44200521875 0.55853220625 0.44403032812500004 0.5455929359375 0.43431542656250005 0.5358667328125 0.418073665625 0.533096734375 0.41816750156250004 0.5323324953124999 0.40853761562499996 0.5396834578124999 0.4096700703125 0.555337709375 0.44200521875 0.55853220625