3 0.5003059296875 0.898969525 0.49191327500000004 0.8458699734374999 0.42460968125000004 0.8630445015625 0.42426036875 0.8620130171874999 0.4280242 0.9169298421875001 0.5003059296875 0.898969525
1 0.4331724078125 0.90248784375 0.43552981874999996 0.924934825 0.504333071875 0.9082066 0.501414203125 0.8863139390624999 0.4331724078125 0.90248784375
0 0.42710602968750006 0.826170953125 0.43221039218749996 0.8615963734375001 0.44414548125 0.8583464031249999 0.440246334375 0.823382715625 0.42710602968750006 0.826170953125
0 0.43668185781249996 0.777903571875 0.42530822500000004 0.780599221875 0.42936465 0.812930184375 0.439026478125 0.8113740375 0.43668185781249996 0.777903571875
0 0.43186462031249995 0.7366892484374999 0.42290141718749996 0.740308365625 0.42464250468750003 0.76226275 0.4343592 0.7617535203125 0.43186462031249995 0.7366892484374999
0 0.43069778124999997 0.70315705625 0.4205019296875 0.7057909828125 0.42028978281249996 0.7073767875 0.42411942343750003 0.7297466125 0.43107637656250003 0.72728243125 0.43061001093750007 0.7183836390625 0.43069778124999997 0.70315705625
0 0.42836048125000004 0.6754600609375 0.4189930984375 0.6770007765625 0.4223435796875 0.701495296875 0.430293603125 0.701078653125 0.42836048125000004 0.6754600609375
0 0.425249578125 0.6499031937499999 0.4184773375 0.6502581125 0.421054215625 0.6768927578125 0.42768929062499994 0.6739205484374999 0.425249578125 0.6499031937499999
0 0.41689352656249995 0.625671003125 0.4192509390625 0.648117984375 0.426078046875 0.6488099843749999 0.42374806875 0.626886459375 0.41689352656249995 0.625671003125
0 0.41582362812499996 0.6052561296875 0.41718797343749997 0.625655571875 0.42548730625 0.6262704140625 0.4228354484375 0.6038388640625 0.41582362812499996 0.6052561296875
0 0.41480859687500005 0.5858881734375 0.41659723125000003 0.6031160046874999 0.423075028125 0.6027765171875 0.421608271875 0.5860567140625 0.41480859687500005 0.5858881734375
0 0.41401303125 0.570707884375 0.41517802187499997 0.5816696453125 0.42026589062499997 0.5829776890625 0.4203810953125 0.568274565625 0.41401303125 0.570707884375
0 0.41948858749999995 0.5399769546875001 0.41277121406250006 0.5413787890624999 0.4137789234375 0.554973275 0.42025672031249994 0.5546337875 0.41948858749999995 0.5399769546875001
0 0.41356490625 0.555747675 0.4149034625 0.5703514859375 0.42099186875 0.568401965625 0.41983154999999994 0.55501164375 0.41356490625 0.555747675
3 0.4914302265625 0.8459353593750001 0.4845314625 0.7995324265625 0.422224709375 0.8133859687499999 0.42195417187500006 0.8129589749999999 0.4250315890625 0.8622092203125 0.4914302265625 0.8459353593750001
3 0.41931484843750005 0.7720680796875 0.42220165156249995 0.8129460046875 0.484732828125 0.798639525 0.4784735234375 0.75970304375 0.41931484843750005 0.7720680796875
3 0.418281853125 0.7381517921875 0.4200572921875 0.7720291703125 0.47894542656250005 0.7592371375 0.47271533281250006 0.72559321875 0.418281853125 0.7381517921875
3 0.4160806265625 0.7056202500000001 0.4183049109375 0.7385917578125001 0.47194983281249997 0.7251921609374999 0.4678840484375 0.6949642109374999 0.4160806265625 0.7056202500000001
3 0.46709549062500005 0.6941231890624999 0.46278837656249994 0.668760803125 0.41465105312499995 0.6783423625 0.4170474921875 0.70512840625 0.46709549062500005 0.6941231890624999
3 0.4624947796875 0.667893840625 0.45877485937499995 0.6442653765624999 0.41455111406249995 0.6527594859375 0.41519212968749997 0.679196353125 0.4624947796875 0.667893840625
3 0.4587518015625 0.6438254125 0.455440765625 0.623263740625 0.41342128906250003 0.6312011546875 0.41452805625 0.652319521875 0.4587518015625 0.6438254125
3 0.4504603828125 0.5992601625 0.4121592734375 0.6118556234375 0.41342128906250003 0.6312011546875 0.45510105312500004 0.621516846875 0.45068480624999996 0.5988072265625 0.4504603828125 0.5992601625
3 0.45160555625 0.59743545 0.4494689046875 0.5803416265625 0.41161048750000007 0.5871786203125 0.4125158875 0.6091898875 0.45160555625 0.59743545
3 0.4493766734375 0.5785817625 0.44850663593749995 0.5667156515625 0.4107635078125 0.575752475 0.4115413140625 0.585858721875 0.4493766734375 0.5785817625
3 0.40984735624999996 0.5630064328125 0.41094181562500004 0.5744196078125 0.4477411359375 0.5663145968750001 0.4457889453125 0.5527405 0.40984735624999996 0.5630064328125
2 0.4767734109375 0.7319981578125 0.46663129375 0.7184121046875 0.4407318828125 0.716681215625 0.41831566249999996 0.7293265328125 0.421748140625 0.756940628125 0.431469065625 0.7577547 0.47393738750000003 0.7489114125 0.4767734109375 0.7319981578125
2 0.41943622343750003 0.7080914375 0.4288189921875 0.7261290296875 0.4713795453125 0.719045609375 0.47582189531249997 0.709106959375 0.47226953125 0.6934108546875 0.4480732734375 0.6862966140625 0.4483438125 0.686723609375 0.4293861703125 0.6943347531249999 0.41943622343750003 0.7080914375
2 0.454310940625 0.6017054093749999 0.45022980625000003 0.5948605031249999 0.434114340625 0.5904109859375 0.4146156203125 0.5971681375 0.41219923437499995 0.6078829609375 0.41669540781250003 0.622647253125 0.4259674859375 0.6243671953125001 0.4252019859375 0.623966140625 0.42569694687500004 0.6239402000000001 0.453633071875 0.6171820375 0.454310940625 0.6017054093749999
2 0.43094780312500003 0.57734170625 0.4093139859375 0.5859754515625 0.41265883125 0.5977118625 0.4526984625 0.589878209375 0.4522142515625 0.5806389234375 0.43094780312500003 0.57734170625
2 0.45361305781250005 0.5836538359375 0.45420485 0.5712699390625 0.44510492343749997 0.5633645328125 0.431619515625 0.5570124843750001 0.4182847625 0.563005421875 0.41250202812500003 0.5805142812499999 0.4351150140625 0.5810938828125 0.45361305781250005 0.5836538359375
2 0.4530503 0.5677136578125 0.45279776250000003 0.5546193078125 0.441541515625 0.54672784375 0.4250654984375 0.5468202796875 0.42502520156249995 0.54605135625 0.41681809531249997 0.5549628531249999 0.42065167812500004 0.5701826328124999 0.4530503 0.5677136578125