3 0.542007925 0.89675195 0.52811083125 0.8448205546875001 0.46297116093749996 0.868936140625 0.46251594375 0.8679468187499999 0.4719995265625 0.9221693765625 0.542007925 0.89675195
1 0.47560993125 0.9072683593749999 0.480300778125 0.92934595625 0.54697854375 0.9055174718749999 0.541787259375 0.8840498468750001 0.47560993125 0.9072683593749999
0 0.4615994984375 0.8320036500000001 0.47037886406249996 0.8667014546875 0.48190885781250004 0.8622217296875 0.4743763703125 0.82785715 0.4615994984375 0.8320036500000001
0 0.46607755468749995 0.7829997343749999 0.455048 0.7868694859375001 0.46246170937500003 0.8185993249999999 0.47190794843750006 0.8160417671875001 0.46607755468749995 0.7829997343749999
0 0.4569786359375 0.7425147265625001 0.44844283437500004 0.747050928125 0.45246924374999997 0.7687030515625 0.46207947968749996 0.7671809390625 0.4569786359375 0.7425147265625001
0 0.45231312187499995 0.7092881953125 0.44244844375000003 0.7129734484375 0.442403221875 0.7145727421875 0.44855016562500005 0.7364197171875 0.45521143124999996 0.733241834375 0.45381744218750003 0.7244405406250001 0.45231312187499995 0.7092881953125
0 0.4470935 0.6819872421875 0.4379384828125 0.6844986750000001 0.4438309828125 0.708508790625 0.4516939046875 0.7072634265625 0.4470935 0.6819872421875
0 0.44132821875 0.6568955546875 0.4346301765625 0.6579564203125 0.4399770171875 0.684175803125 0.4462650640625 0.6805263218750001 0.44132821875 0.6568955546875
0 0.43048498906250005 0.63366955625 0.43517583593750003 0.655747153125 0.442037878125 0.6557217359374999 0.43742903125000004 0.634161859375 0.43048498906250005 0.63366955625
0 0.42728701718749995 0.613478353125 0.430776209375 0.63362343125 0.439094346875 0.6333673890625 0.43411228125 0.6113359171875 0.42728701718749995 0.613478353125
0 0.42425304375 0.5943225953125 0.427832678125 0.6112690875 0.434239503125 0.6102543453125 0.4310330875 0.593779453125 0.42425304375 0.5943225953125
0 0.4218750640625 0.579308625 0.4241794875 0.5900885625 0.42937621249999997 0.5908576125 0.427953890625 0.5762229921875 0.4218750640625 0.579308625
0 0.4241083671875 0.5481736921875 0.4175743234375 0.550270003125 0.41999752343749996 0.5636846828125 0.42640434843749997 0.562669940625 0.4241083671875 0.5481736921875
0 0.419865625 0.5644772109375 0.42272336250000003 0.578861103125 0.42857463593749995 0.57628585 0.42602100312499996 0.56309016875 0.419865625 0.5644772109375
3 0.527637265625 0.8449360734375 0.5159258640625 0.7995084593749999 0.455408525 0.8197989390625 0.4550948359375 0.8194025625 0.463303446875 0.8680613328125 0.527637265625 0.8449360734375
3 0.4481957078125 0.7790115578125001 0.4553396046875 0.8193637953125 0.51603279375 0.7985994 0.5057378078125 0.7605304921875 0.4481957078125 0.7790115578125001
3 0.44362315468749997 0.74538904375 0.4489300171875 0.7788952546875 0.506158425 0.7600178125 0.4964457140625 0.72720941875 0.44362315468749997 0.74538904375
3 0.43803351562500004 0.7132658046875 0.44369207499999996 0.7458241890624999 0.4956424859375 0.7268905765625 0.48843929218750004 0.6972532078125 0.43803351562500004 0.7132658046875
3 0.48756714375000004 0.6964992203125 0.4806325328125 0.6717259875 0.43376045625000004 0.686286778125 0.438943671875 0.7126755890625 0.48756714375000004 0.6964992203125
3 0.48024992343750006 0.6708944640625 0.4740805328125 0.6477842765624999 0.43098692656250004 0.6608544953125 0.4343878359375 0.687079534375 0.48024992343750006 0.6708944640625
3 0.4740116125 0.6473491328125001 0.468569434375 0.6272461984375 0.42760983125 0.6395323609375 0.43091800625000004 0.66041935 0.4740116125 0.6473491328125001
3 0.46110727812499996 0.6038947046875001 0.42433257031249993 0.620424721875 0.42760983125 0.6395323609375 0.46804898437500003 0.6255443828125 0.461283128125 0.603420790625 0.46110727812499996 0.6038947046875001
3 0.46205544375 0.601960284375 0.45814370625 0.5851834453125 0.421207340625 0.5959402671875 0.42440858593749997 0.6177363125 0.46205544375 0.601960284375
3 0.45786802499999996 0.5834428609375 0.45576240625000003 0.5717326984375 0.41917064374999996 0.5846652484375 0.42100057968750004 0.5946348296874999 0.45786802499999996 0.5834428609375
3 0.4169271859375 0.57208479375 0.419208653125 0.5833210453125 0.45495917812500003 0.57141385625 0.451598803125 0.55811818125 0.4169271859375 0.57208479375
2 0.46417968906249996 0.805473940625 0.5166576484375 0.7851185890625 0.5079858374999999 0.7557138250000001 0.49150065 0.749849653125 0.459359840625 0.7576166265625 0.4480269578125 0.776361915625 0.46417968906249996 0.805473940625
2 0.5011510593749999 0.7331550874999999 0.48964437343749995 0.7207036 0.46370591406250006 0.72168941875 0.4427342875 0.7366085953125 0.449034421875 0.7637126265624999 0.45878718906250004 0.7635061249999999 0.5000984890625 0.7502721343750001 0.5011510593749999 0.7331550874999999
2 0.4416290390625 0.7153726984375 0.45284584843750003 0.7323307125 0.49443283281249994 0.72083730625 0.49781197343750005 0.71048875 0.4926383796875 0.695249953125 0.4678310328125 0.6907038812499999 0.468144721875 0.6911002609375 0.4500865125 0.700651321875 0.4416290390625 0.7153726984375
2 0.465192340625 0.6059240640625 0.4604180765625 0.59954325 0.443925790625 0.5968026328125 0.4252402015625 0.6055609375000001 0.42395705625 0.6164696453125 0.4299718875 0.6306830796875 0.43937295625 0.6314244046875 0.43856972812499995 0.6311055624999999 0.439059265625 0.6310280265625 0.466135934375 0.621386765625 0.465192340625 0.6059240640625
2 0.4394104875 0.584135940625 0.41879765625000004 0.5949837390625 0.4233509671875 0.606306225 0.462352415625 0.594330203125 0.46090508906250005 0.585192146875 0.4394104875 0.584135940625
2 0.462611378125 0.5880443265624999 0.4619054578125 0.5756664109375 0.4520290421875 0.5687555140625 0.43795353906249995 0.5638478703125 0.4253182671875 0.5712018390625 0.42139738437499996 0.58921924375 0.44394707968749997 0.58743196875 0.462611378125 0.5880443265624999
2 0.4603855 0.5722502953124999 0.45876561406249994 0.559254075 0.44674614687499997 0.5525824390625 0.43037004999999995 0.55439658125 0.4302495984375 0.5536360828125 0.42301895624999997 0.5633566375 0.4284224390625 0.5780923234374999 0.4603855 0.5722502953124999