3 0.4863819078125 0.8987371609375 0.47984751406250004 0.84537705625 0.4119855375 0.8601922609375 0.41167243593749997 0.8591492125 0.4135174046875 0.9141639390625 0.4863819078125 0.8987371609375
1 0.41916649375 0.8999104093750001 0.42073908125 0.9224259890625 0.490084228125 0.908109153125 0.4879311796875 0.8861279625 0.41916649375 0.8999104093750001
0 0.4157672328125 0.8234282953125 0.41963215624999994 0.8590102749999999 0.43167339687500006 0.8561788124999999 0.428996840625 0.821100346875 0.4157672328125 0.8234282953125
0 0.42702173437499996 0.7755245078125 0.4155609546875 0.7778215828125 0.4184865734375 0.8102744187500001 0.428196825 0.8090564125 0.42702173437499996 0.7755245078125
0 0.423645790625 0.7341671734374999 0.4145617421875 0.737471275 0.415535571875 0.7594730484375 0.4252641203125 0.7593032359375 0.423645790625 0.7341671734374999
0 0.4236499203125 0.7006146859375 0.41336835625 0.7028911765625 0.4131009953125 0.7044686140625 0.41614760625 0.7269584625000001 0.42318632031250003 0.7247385765625001 0.4230308015625 0.7158289296875 0.4236499203125 0.7006146859375
0 0.4222806546875 0.6728529921875 0.41286520781249997 0.674065853125 0.4153588015625 0.69866238125 0.423318521875 0.69852344375 0.4222806546875 0.6728529921875
0 0.42006356718750004 0.647203125 0.41328306562500006 0.6473214781250001 0.4149288390625 0.67402983125 0.42166360156250005 0.67129099375 0.42006356718750004 0.647203125
0 0.41255829843749997 0.6226940734374999 0.4141308859375 0.645209653125 0.42092968593749996 0.64613949375 0.41936624531250005 0.624148009375 0.41255829843749997 0.6226940734374999
0 0.41220152031249996 0.6022542984375 0.41285310312499995 0.622688928125 0.42112592343750005 0.6235930375 0.41925853125 0.6010826046875 0.41220152031249996 0.6022542984375
0 0.41186303906250005 0.5828627156249999 0.4130493421875 0.6001424734375 0.419535040625 0.600029265625 0.418652690625 0.5832684593749999 0.41186303906250005 0.5828627156249999
0 0.41159774374999997 0.567663909375 0.4123794625 0.57865965 0.4174185828125 0.5801444625000001 0.4180468484375 0.5654543140625 0.41159774374999997 0.567663909375
0 0.41814245781250003 0.5371427953125 0.41138025312500004 0.5383093421875 0.4119129078125 0.5519307140625 0.41839860624999997 0.55181750625 0.41814245781250003 0.5371427953125
0 0.41167199375 0.5526971734374999 0.41250006875 0.567338803125 0.418652803125 0.5656029515625 0.41796050781250005 0.55218029375 0.41167199375 0.5526971734374999
3 0.479362478125 0.84542554375 0.4740873546875 0.798810115625 0.4113350765625 0.8104807453125 0.41107960468750004 0.8100445687500001 0.41243633749999997 0.8593722125 0.479362478125 0.84542554375
3 0.40986896093749997 0.769086471875 0.4113273875 0.8100402437499999 0.474319759375 0.7979247859374999 0.46942313125 0.758793575 0.40986896093749997 0.769086471875
3 0.41002025625 0.73515479375 0.410612309375 0.769073496875 0.46991100625 0.7583444234375001 0.46485886406250004 0.7245035718749999 0.41002025625 0.73515479375
3 0.4089557046875 0.7025662484375 0.41002794531250003 0.7355952968749999 0.46410782812500007 0.72407604375 0.461099459375 0.6937246125 0.4089557046875 0.7025662484375
3 0.460340734375 0.6928565828125001 0.456921378125 0.66735933125 0.4084789875 0.6752550859374999 0.40993914687500005 0.702108446875 0.460340734375 0.6928565828125001
3 0.4566582171875 0.6664826515625 0.453765184375 0.6427387578125 0.40927193749999996 0.64968430625 0.40898992968750003 0.676127440625 0.4566582171875 0.6664826515625
3 0.4537574953125 0.6422982562499999 0.4511660671875 0.6216335578125001 0.40889517656249996 0.628099678125 0.40926424843750003 0.6492438046875 0.4537574953125 0.6422982562499999
3 0.44702643125 0.5974707875 0.408309078125 0.6087218859375 0.40889517656249996 0.628099678125 0.450887528125 0.6198758718749999 0.447266525 0.597025959375 0.44702643125 0.5974707875
3 0.4482345890625 0.595687153125 0.4466958046875 0.578529175 0.40862184218750003 0.5840407640625 0.40875850937499997 0.6060702203125 0.4482345890625 0.595687153125
3 0.4466650484375 0.5767671640625001 0.44620966093750003 0.5648779171875 0.40817414531249996 0.57259201875 0.408598775 0.58271925625 0.4466650484375 0.5767671640625001
3 0.40770338125 0.55982176875 0.4083988609375 0.5712661875 0.445458625 0.564450390625 0.443981353125 0.5508164343749999 0.40770338125 0.55982176875
2 0.42201453437499997 0.797515865625 0.4768146984375 0.78466213125 0.4723196328125 0.7543366484375 0.4568110140625 0.7462352531249999 0.4239020421875 0.749453503125 0.4100706109375 0.7664391312500001 0.42201453437499997 0.797515865625
2 0.468690940625 0.731046234375 0.45902915 0.717114503125 0.43320592187500007 0.7144807921874999 0.4103620421875 0.726336090625 0.4128287109375 0.75405315625 0.4225153046875 0.7552059875 0.46526638125 0.7478502109375 0.468690940625 0.731046234375
2 0.41222301406249995 0.7051530390625 0.4209705640625 0.7235070968749999 0.4637523984375 0.7179133328125 0.4685388953125 0.7081357734375 0.46553648125 0.6923252546875001 0.4416032484375 0.684370909375 0.4418587203125 0.6848070875000001 0.422647 0.69175198125 0.41222301406249995 0.7051530390625
2 0.45078930625 0.600048928125 0.4469495421875 0.5930657625 0.430999178125 0.5880565343749999 0.411276515625 0.5941290734375 0.408487659375 0.6047530390625 0.4124658265625 0.6196652515625 0.42167223125 0.6217077375 0.4209211953125 0.6212802109375 0.4214167609375 0.6212715609374999 0.4495717234375 0.6154924703125 0.45078930625 0.600048928125
2 0.42829068125 0.57488470625 0.4063687296875 0.58275818125 0.4093019421875 0.5946041765625 0.44959057187499996 0.5881726578124999 0.44942910312500006 0.578922103125 0.42829068125 0.57488470625
2 0.45072183906249996 0.5819839953125 0.4517454609375 0.5696282953125 0.44292697499999995 0.5614101218750001 0.42967146562499997 0.554591309375 0.41613568437500004 0.5601152203125 0.40974542031250005 0.5774115984375 0.4323244046875 0.578780028125 0.45072183906249996 0.5819839953125
2 0.45071572812499994 0.5660338874999999 0.45092033125000003 0.5529387015625 0.43994634843749997 0.54465920625 0.4234771421875 0.54417658125 0.4234637046875 0.5434067203125 0.414950590625 0.5520263640625 0.4182506765625 0.5673706625 0.45071572812499994 0.5660338874999999