3 0.5211859624999999 0.898406740625 0.51002579375 0.8458191968750001 0.4437132828125 0.8664925859375 0.44331046562500004 0.8654807968749999 0.4499432625 0.9201253765624999 0.5211859624999999 0.898406740625
1 0.454328578125 0.905433734375 0.45785754375 0.927726575 0.5256910171875 0.907420390625 0.521630375 0.8857104953125001 0.454328578125 0.905433734375
0 0.444276396875 0.8295389234374999 0.4512277875 0.8646486515625 0.46297642968749997 0.8607785015625 0.45725276875 0.8260667953124999 0.444276396875 0.8295389234374999
0 0.4513129828125 0.7808365296875001 0.4400960171875 0.7841237359375001 0.4458389546875 0.81619809375 0.4554060984375 0.81413841875 0.4513129828125 0.7808365296875001
0 0.4443453546875 0.7399308046875 0.4355838453125 0.744014059375 0.43847155156250006 0.765847234375 0.44814827968750004 0.7648301703125 0.4443453546875 0.7399308046875
0 0.4414251765625 0.706505634375 0.431381146875 0.7096695609375 0.4312522859375 0.7112642953125 0.4362474234375 0.7334030359375 0.4430658765625 0.7305781312499999 0.4421344234375 0.72171594375 0.4414251765625 0.706505634375
0 0.43764153125 0.678968921875 0.42836762031250003 0.6809977765624999 0.4329954546875 0.7052833765625001 0.44091277656249994 0.7044512328125 0.43764153125 0.678968921875
0 0.4331973484375 0.6536098921875 0.4264529640625 0.6543187546875 0.43042025937500006 0.6807820359375001 0.43689068906250006 0.6774666468749999 0.4331973484375 0.6536098921875
0 0.42358453437500004 0.6298482328125 0.4271134984375 0.6521410734375 0.43396746718749996 0.6524748203125 0.43049329375 0.630703284375 0.42358453437500004 0.6298482328125
0 0.4214476703125 0.60951733125 0.42387776875 0.6298174125 0.43219790625 0.6299970578125 0.42837570625000004 0.6077350375 0.4214476703125 0.60951733125
0 0.4194203890625 0.5902290406249999 0.42210820781249997 0.60733965 0.4285593578125 0.6066616078125 0.426219565625 0.5900414828125 0.4194203890625 0.5902290406249999
0 0.41783143906250003 0.5751111921875001 0.41956852656250004 0.585996959375 0.42471787968749997 0.5870369328125 0.42406342500000005 0.572347928125 0.41783143906250003 0.5751111921875001
0 0.4216911578125 0.544135809375 0.41505635625000004 0.5458872828125 0.41677416562499997 0.5594103984375 0.42322531718749995 0.5587323546875 0.4216911578125 0.544135809375
0 0.4166009703125 0.5601949375 0.418701996875 0.5747086796875001 0.42468002812499994 0.5724431890624999 0.4228205046875 0.55913194375 0.4166009703125 0.5601949375
3 0.5095468296875 0.8459097734375 0.5002289765625 0.7999314890625 0.43873265312500004 0.8170269296875 0.43844013750000005 0.8166146781249999 0.44409089531249996 0.86563636875 0.5095468296875 0.8459097734375
3 0.43366436718749996 0.7759179546875 0.43868660000000004 0.8165887734374999 0.5003833359375001 0.7990292718750001 0.49209483125000003 0.7604737375 0.43366436718749996 0.7759179546875
3 0.430857746875 0.7421022109375001 0.43440375781249996 0.7758402421875 0.4925417046875 0.7599837734375 0.48455936250000003 0.72671201875 0.430857746875 0.7421022109375001
3 0.42695696875 0.70973045625 0.4309038 0.7425403671875 0.483773921875 0.726351575 0.47813169999999994 0.6963778375 0.42695696875 0.70973045625
3 0.4773002078125 0.6955792390625 0.47167163125 0.670477028125 0.42410173906250004 0.68256476875 0.42789676718749997 0.7091886828125 0.4773002078125 0.6955792390625
3 0.47133306406250003 0.6696266203125 0.4663816234375 0.6462252234375 0.4226630328125 0.6570221843749999 0.42468676875 0.683389271875 0.47133306406250003 0.6696266203125
3 0.466335571875 0.64578706875 0.4619529578125 0.6254268625 0.42040648125 0.6355525281250001 0.4226169796875 0.6565840296875 0.466335571875 0.64578706875
3 0.45572315156250004 0.6017168328125 0.41813372656250003 0.61629955625 0.42040648125 0.6355525281250001 0.4615222859375 0.623700140625 0.4559235609375 0.601252771875 0.45572315156250004 0.6017168328125
3 0.45677125625 0.5998346875 0.4537429125 0.5828761140625 0.41629419843750004 0.5916850953125 0.41835033906249997 0.6136188109375 0.45677125625 0.5998346875
3 0.453558703125 0.5811234890625 0.4520688328125 0.5693191750000001 0.41485038125000007 0.5803189359375 0.4161560421875 0.590370625 0.453558703125 0.5811234890625
3 0.4132684078125 0.567638309375 0.4149586875 0.5789785640625 0.4512833921875 0.5689587328125 0.4486234640625 0.555505409375 0.4132684078125 0.567638309375
2 0.4889470875 0.7328957984375 0.47810783125 0.7198591609375 0.4521533265625 0.719486115625 0.43042963125 0.7332872765625 0.43530261562500006 0.7606838859375 0.44505282343749997 0.7609880875 0.4870001234375 0.7499342999999999 0.4889470875 0.7328957984375
2 0.430437296875 0.7120226374999999 0.440751221875 0.729544453125 0.48288273125 0.7202432937500001 0.4867988421875 0.7100857703125001 0.48242987656249997 0.6945970921875 0.45789445000000006 0.6887589359375 0.45818696406250004 0.6891711875000001 0.4396536390625 0.697764065625 0.430437296875 0.7120226374999999
2 0.45969640624999997 0.6039572062499999 0.45526262968750003 0.5973352703125 0.4389363796875 0.5937352703125 0.419818025 0.6015036453125 0.4179657203125 0.612330246875 0.423228434375 0.6268389953125 0.4325778203125 0.6280713171875 0.43179238125 0.627710875 0.43228530625 0.627659065625 0.45982945 0.6194481015625 0.45969640624999997 0.6039572062499999
2 0.43509018906249997 0.580849625 0.4139378765625 0.5906037640624999 0.4178923734375 0.6021490359375 0.4574671484375 0.5922306046875 0.4565000546875 0.5830293234374999 0.43509018906249997 0.580849625
2 0.456658503125 0.5700780156249999 0.45572100625 0.557014828125 0.4440671765625 0.549723284375 0.427618578125 0.5506778828125001 0.42753809218749994 0.5499121234375 0.4198086265625 0.5592409328125 0.424433496875 0.5742392203125 0.456658503125 0.5700780156249999