3 0.44477712656249996 0.8951293578125 0.443856178125 0.8413785359375 0.3748173453125 0.8490190734375 0.3746149875 0.8479490109375 0.3706992453125 0.9028552140625001 0.44477712656249996 0.8951293578125
1 0.3778072875 0.88927025625 0.3770177421875 0.9118268734375 0.447479525 0.9048370078125 0.44763593124999995 0.8827511781249999 0.3778072875 0.88927025625
0 0.38242120625 0.8128518 0.3825456265625 0.8486428531250001 0.3948168734375 0.8470855531250001 0.395821678125 0.8119194750000001 0.38242120625 0.8128518
0 0.3986213640625 0.7663868500000001 0.38698325625 0.7674733640625 0.3865006046875 0.8000542296875001 0.396284978125 0.7998578937499999 0.3986213640625 0.7663868500000001
0 0.3995869328125 0.7249031921875 0.39020727499999996 0.7272396515625 0.3888759578125 0.749222690625 0.3985689625 0.75007071875 0.3995869328125 0.7249031921875
0 0.403098228125 0.6915349421875 0.39263502968749997 0.6927242453125 0.392204246875 0.69426509375 0.3928833390625 0.7169501984375 0.4001155359375 0.7154782187500001 0.40089218125 0.7066011249999999 0.403098228125 0.6915349421875
0 0.4046383515625 0.6637822015625 0.3951477046875 0.6640042359375 0.3950566015625 0.6887266734375 0.402987240625 0.6894205140625 0.4046383515625 0.6637822015625
0 0.4051145515625 0.6380410984375 0.3983588234375 0.6374500484375 0.397203796875 0.6641841203125 0.40418795156250004 0.6621642609375 0.4051145515625 0.6380410984375
0 0.400212290625 0.612881796875 0.39942274375000003 0.6354384125 0.4060871046875 0.637073828125 0.40683096562500004 0.6150393921874999 0.400212290625 0.612881796875
0 0.4019940046875 0.5925166984375 0.40050601874999997 0.6129074937500001 0.40863901406250003 0.614671396875 0.40913483125 0.5920890828125 0.4019940046875 0.5925166984375
0 0.40368434999999997 0.5731959640625 0.40305792812499996 0.5905050640625 0.4095199296875 0.591070415625 0.41039439531250005 0.574309196875 0.40368434999999997 0.5731959640625
0 0.405009215625 0.5580526875 0.404637284375 0.5690699046875001 0.40949359531249996 0.5710733140625 0.41165395781249997 0.5565293125 0.405009215625 0.5580526875
0 0.414708403125 0.5283828796875001 0.4078613046875 0.52883619375 0.4069672203125 0.5424386234374999 0.413429221875 0.5430039765625 0.414708403125 0.5283828796875001
0 0.40664750937500005 0.5431757015625001 0.40594058125 0.55782368125 0.41224105624999996 0.556740475 0.412955603125 0.5433189828125 0.40664750937500005 0.5431757015625001
3 0.44336873125 0.8413760578125 0.44299514375 0.79446459375 0.37936671718750004 0.799511890625 0.3791582375 0.7990513984375001 0.3753513953125 0.8482506390625 0.44336873125 0.8413760578125
3 0.3822355125 0.7581911296875 0.3794051140625 0.7990729984375 0.4433188171875 0.79360840625 0.4425393390625 0.754179725 0.3822355125 0.7581911296875
3 0.38593280625 0.724461146875 0.3829761453125 0.7582559265625 0.4430714921875 0.7537840296875 0.4415843578125 0.71960046875 0.38593280625 0.724461146875
3 0.3882805171875 0.6919398484375 0.3858944078125 0.724900040625 0.440882125 0.7190967781250001 0.44106282500000005 0.68859715625 0.3882805171875 0.6919398484375
3 0.44039898906249997 0.6876545734375 0.43966355312500005 0.6619395765625 0.3906612046875 0.66472846875 0.3893064234375 0.691587353125 0.44039898906249997 0.6876545734375
3 0.439493471875 0.6610401921875 0.4390982 0.6371239656250001 0.394122684375 0.6393806546875 0.3910781625 0.665649453125 0.439493471875 0.6610401921875
3 0.43913659843749997 0.6366850734375 0.43871941562499994 0.6158627 0.39600419531250003 0.6178748875 0.3941610828125 0.6389417625 0.43913659843749997 0.6366850734375
3 0.4371281546875 0.5913995875 0.3974468390625 0.598541984375 0.39600419531250003 0.6178748875 0.43862613125000005 0.6140855281250001 0.43741342968749997 0.5909822921875 0.4371281546875 0.5913995875
3 0.43851613437500003 0.5897520093749999 0.4387792765625 0.572527178125 0.40033776874999993 0.5740287609375 0.3981709828125 0.5959518234375001 0.43851613437500003 0.5897520093749999
3 0.43893286875 0.5707716046875 0.43972274218749996 0.5588998875 0.40108924375 0.5625959375 0.40045296406249997 0.57271208125 0.43893286875 0.5707716046875
3 0.4019559140625 0.549846434375 0.40145131562499997 0.5613008578125 0.43902050781249996 0.5583961984375 0.438976465625 0.5446825140625 0.4019559140625 0.549846434375
2 0.444711546875 0.7265078515625001 0.43655894687499996 0.71164250625 0.4111524796875 0.7063239609374999 0.3871945234375 0.7157264796875 0.3867504578125 0.7435495453125001 0.39626348437500003 0.7457085859375 0.43954925468750006 0.742861809375 0.444711546875 0.7265078515625001
2 0.391259534375 0.6948539953124999 0.3980406421875 0.7140218765624999 0.44117282187500007 0.712930675 0.4469551296875 0.703707003125 0.44562181250000005 0.6876692578125 0.42265114375 0.677256784375 0.4228596234375 0.6777172765625 0.4030272078125 0.6826159546875 0.391259534375 0.6948539953124999
2 0.44060092656250005 0.59435693125 0.4375121359375 0.5870106546875 0.42217275781249997 0.5803616015624999 0.401923384375 0.5843392953125 0.3980393 0.5946135453125 0.4004369234375 0.6098599 0.409379396875 0.6128535281249999 0.40867716249999997 0.6123498390625 0.40917091718750004 0.6123930375 0.437775725 0.6095886 0.44060092656250005 0.59435693125
2 0.4208559296875 0.5669788140625001 0.398231065625 0.572517690625 0.3999099671875 0.584605396875 0.44065016874999996 0.5824204187500001 0.4414565296875 0.5732036609375 0.4208559296875 0.5669788140625001
2 0.44242212968750005 0.5763839078124999 0.444731665625 0.5642028921875 0.4368205203125 0.55510795625 0.4243503859375 0.5469409187500001 0.41031135 0.55101969375 0.40214812968749997 0.56755335625 0.42446038281250004 0.5712744375 0.44242212968750005 0.5763839078124999
2 0.4440832921875 0.5605205375 0.44565559375 0.5475184750000001 0.4356071703125 0.5381372421874999 0.4192786328125 0.5359357609375001 0.419345740625 0.5351687125 0.40997826562500006 0.5428512750000001 0.41165635624999997 0.55845646875 0.4440832921875 0.5605205375