1 0.419200325 0.8991317484374999 0.41991668750000005 0.9228163593750001 0.49022788281249996 0.9070476609375 0.4880536375 0.8866199218749999 0.419200325 0.8991317484374999
3 0.4115204453125 0.8583344187499999 0.4133875953125 0.9132360515625001 0.4875795015625 0.8941681890625001 0.4803643609375 0.8452841859375001 0.4115204453125 0.8583344187499999
3 0.4103905734375 0.8109599093750001 0.4121073578125 0.8572470328125 0.48006150625000005 0.845289471875 0.4740953734375 0.7985379515625 0.4103905734375 0.8109599093750001
3 0.4093546828125 0.7689694671875 0.41071222343749997 0.8120314375 0.4750133328125 0.7990605000000001 0.46857306093749995 0.75985724375 0.4093546828125 0.7689694671875
3 0.4679579546875 0.759329409375 0.4640438921875 0.7260063390625 0.4105515421875 0.7334029015625 0.4090372734375 0.7334293328125 0.40934528437499995 0.7684310609375 0.4679579546875 0.759329409375
3 0.4646402015625 0.725457359375 0.46078252500000005 0.6953647296875001 0.4087762515625 0.701119640625 0.40849219375 0.702201740625 0.4084409625 0.7339783125 0.4646402015625 0.725457359375
3 0.456356734375 0.6674363 0.40891206249999995 0.6741887296875 0.40939135625 0.7016474734375 0.4601674203125 0.6948368968749999 0.456990634375 0.6690409484375001 0.456356734375 0.6674363
3 0.456668984375 0.6679694203125 0.45347340625 0.641096659375 0.4078270609375 0.6467405578125 0.40922431406250004 0.67472185 0.456668984375 0.6679694203125
3 0.450930521875 0.616905359375 0.4080568515625 0.6251937125 0.407836459375 0.6472789624999999 0.45315175625000004 0.64002513125 0.4509117265625 0.6158285453125 0.450930521875 0.616905359375
3 0.4067535765625 0.6025964874999999 0.4074135515625 0.6230506578125 0.44970970781249997 0.616388096875 0.448756278125 0.5964776203125 0.4067535765625 0.6025964874999999
3 0.448141171875 0.5959497859375 0.446960071875 0.5803518484375 0.40680268750000004 0.5880542171875 0.40705643125 0.6025912015625 0.448141171875 0.5959497859375
3 0.4464128703125 0.5663585578125 0.40621789531249997 0.5719073015625 0.40709614375000003 0.587510525 0.446960071875 0.5803518484375 0.4464128703125 0.5663585578125
3 0.405576715625 0.55252994375 0.406208496875 0.5713688953125 0.44520145624999996 0.566379703125 0.44459786875 0.5491559734375 0.405576715625 0.55252994375
0 0.415736446875 0.8221765828125 0.41997215781249997 0.85657118125 0.43024099531250004 0.854776225 0.4287215671875 0.81979564375 0.415736446875 0.8221765828125
0 0.42876517343750004 0.8042763484375 0.42599931093750004 0.77457984375 0.415624771875 0.776965415625 0.4185606375 0.8062302765625 0.42876517343750004 0.8042763484375
0 0.42407710156249995 0.7359895765625 0.41389580625000005 0.73927495625 0.4159437140625 0.7707597984375 0.425461284375 0.7723694765625 0.42407710156249995 0.7359895765625
0 0.413364971875 0.7027750296875 0.41487893124999997 0.722387284375 0.4242386984375 0.7216287968749999 0.42304900312499993 0.7014157703125 0.413364971875 0.7027750296875
0 0.4220381875 0.6722729484375 0.41316481562499996 0.6721302765625 0.41452183593749997 0.6923403828125 0.4225066625 0.68952300625 0.4220381875 0.6722729484375
0 0.420723878125 0.6449207578125 0.4123732484375 0.6459591859375 0.41448783125000005 0.6712145171875 0.42168796249999996 0.67138639375 0.420723878125 0.6449207578125
0 0.41212518906250006 0.6221590531250001 0.41407362187499996 0.6378955000000001 0.42042674687500003 0.6374870484375 0.42039157187500004 0.6258829875 0.419132034375 0.6208465265625 0.41212518906250006 0.6221590531250001
0 0.41944072187500003 0.6193533578125 0.41961557968749996 0.600604290625 0.41309512968749995 0.6010156624999999 0.41260354218749995 0.6016193546874999 0.413061634375 0.6182744812500001 0.41944072187500003 0.6193533578125
0 0.4187968796875 0.5824676796875 0.41212468125 0.5837743671875 0.4133570875 0.5968453078125 0.4188372453125 0.59436920625 0.4187968796875 0.5824676796875
0 0.4183439796875 0.5661100171875 0.411996046875 0.5668159328125 0.41274205625000004 0.5807880328125 0.41893305 0.5806799687499999 0.4183439796875 0.5661100171875
0 0.41173643281250005 0.551942675 0.412304734375 0.5653227656250001 0.41765910625 0.5652293046875 0.4175875859375 0.5515429875 0.41173643281250005 0.551942675
0 0.4116597203125 0.5379588921875 0.41218648281250003 0.5489592625 0.417561625 0.5500556609375 0.41734874218750007 0.537859590625 0.4116597203125 0.5379588921875
2 0.46652532343750003 0.8428885515625 0.411233321875 0.8587314656249999 0.4110608046875 0.858436921875 0.41309516406249996 0.8982738859375001 0.47800252656250003 0.8867264718750001 0.48182217187500004 0.8658308937499999 0.476354740625 0.8498583171874999 0.46652532343750003 0.8428885515625
2 0.4121161671875 0.8230093609375 0.4164902125 0.8434643609375 0.43088528125 0.84351065 0.47108578593750006 0.835667609375 0.477404909375 0.8141332921875 0.47130452656250005 0.8002546546874999 0.4588238859375 0.79481894375 0.43739081874999997 0.7943003921875 0.413357278125 0.807812353125 0.4121161671875 0.8230093609375
2 0.45107923281250006 0.715506734375 0.4289249453125 0.7120252140625001 0.409769765625 0.7269398015624999 0.411111209375 0.7462575124999999 0.42962473125 0.7617048140625 0.46381195000000003 0.7545618468749999 0.46813356875 0.7336575078124999 0.4645326625 0.7191401296875 0.45107923281250006 0.715506734375
2 0.412822896875 0.720657825 0.43976426718750006 0.720550434375 0.4596981734375 0.7165737640625001 0.46467286718749995 0.7092294906250001 0.46274916718750003 0.6925709578125 0.4547087703125 0.6879939671875 0.44356324999999996 0.6809310734375 0.4290691328125 0.6808211984375 0.41042143593749997 0.7000160375 0.412822896875 0.720657825
2 0.4074500953125 0.64672571875 0.40872997499999997 0.6615811296875 0.4290705609375 0.66920926875 0.4493809125 0.66341166875 0.4587751265625 0.6519986609374999 0.4559198078125 0.640436596875 0.4468084890625 0.6329753218749999 0.431415840625 0.62816379375 0.40749584843750003 0.6376531203125 0.4074500953125 0.64672571875
2 0.4227963734375 0.61379936875 0.4096088921875 0.6183840218750001 0.40895097812500003 0.6274673046875 0.4089178890625 0.6372654265625 0.42404316406250003 0.6384529015625 0.447980725 0.6416637890625 0.4547665703125 0.6328364140625 0.45455761250000004 0.6208652859375 0.446689609375 0.6144709265625 0.4296961953125 0.6115017 0.4227963734375 0.61379936875
2 0.44201190312499994 0.5920545109375001 0.44159746406249994 0.591698875 0.4299094375 0.588637040625 0.415899409375 0.5928731796875 0.4090882359375 0.6002495078125001 0.41078255468749997 0.6154605578125001 0.4240080296875 0.613052475 0.4283058140625 0.6137032 0.44504451874999995 0.6137738984375 0.4515109046875 0.61003230625 0.4500712953125 0.5977197859375 0.44201190312499994 0.5920545109375001
2 0.40951043593750003 0.5893559796875001 0.41575234375000003 0.59614159375 0.4418458421875 0.59423464375 0.449574540625 0.59264825 0.4489764734375 0.581772528125 0.4437738265625 0.5760573890625 0.4282277828125 0.574151515625 0.408178471875 0.5832104046875 0.40951043593750003 0.5893559796875001
2 0.43898705 0.559085959375 0.42391876249999993 0.5611633359375 0.4126120859375 0.5682552640625 0.406565040625 0.5843271828125001 0.42426069218749995 0.58075245625 0.441247775 0.583358921875 0.452426384375 0.58062369375 0.45264453125 0.5697337265625 0.44702111406249995 0.5633001875 0.4394078203125 0.5598043578125 0.43898705 0.559085959375
2 0.42279575625000004 0.5669888921874999 0.442940046875 0.5633714234375 0.450279634375 0.5628804374999999 0.450121334375 0.5538114015625 0.4455055203125 0.5466345312499999 0.43852338281250003 0.5442163015625 0.4112197703125 0.545659834375 0.412140659375 0.5646347734375 0.42279575625000004 0.5669888921874999