1 0.46844451718749996 0.906003684375 0.47204196875 0.92942445 0.539907353125 0.9052045109375 0.5352598000000001 0.8851940109375 0.46844451718749996 0.906003684375
3 0.45584993906250004 0.8664463921875001 0.464393996875 0.9207112499999999 0.5357090999999999 0.892743796875 0.522590278125 0.845103471875 0.45584993906250004 0.8664463921875001
3 0.4489549890625 0.819562703125 0.4562999578125 0.8652955859375 0.5222903265625 0.8451456281249999 0.5106710859375 0.799469675 0.4489549890625 0.819562703125
3 0.44280947031249995 0.7780114953124999 0.44940482812500004 0.8205870453124999 0.5116458859375 0.79987645625 0.5004759437499999 0.7617502875 0.44280947031249995 0.7780114953124999
3 0.4998010953125 0.76130135 0.49185514843749994 0.7287036703124999 0.4396629359375 0.7425641765625 0.438163175 0.7427749546875 0.442734528125 0.777478246875 0.4998010953125 0.76130135
3 0.492380109375 0.728086109375 0.48488381875000003 0.6986879187499999 0.4339665375 0.7107379046875 0.433816471875 0.7118465546875 0.43763821406250003 0.7433925140625 0.492380109375 0.728086109375
3 0.477087396875 0.67150703125 0.43081928437499994 0.6839911812499999 0.43464138593749996 0.711186840625 0.4842089703125 0.6982389828125 0.4779121296875 0.673022465625 0.477087396875 0.67150703125
3 0.477462290625 0.671998125 0.471015565625 0.6457151125 0.42639727968749996 0.65687983125 0.43119417968749996 0.684482271875 0.477462290625 0.671998125
3 0.4655434578125 0.6220140296875 0.4239994578125 0.6354655890625 0.426472221875 0.657413078125 0.47056572656249995 0.6446907703125 0.46539357187499997 0.6209475328125 0.4655434578125 0.6220140296875
3 0.4199519890625 0.6131956296875 0.42309978125000003 0.6334169078125 0.46426870625000005 0.6216494031249999 0.4608959046875 0.6020035296875 0.4199519890625 0.6131956296875
3 0.4602210578125 0.6015545921875 0.45714784999999997 0.586216859375 0.418228475 0.5987557703124999 0.42025194062500004 0.6131534734375 0.4602210578125 0.6015545921875
3 0.454899375 0.572394559375 0.415680228125 0.5828004796874999 0.41845348437499996 0.5981803671875 0.45714784999999997 0.586216859375 0.454899375 0.572394559375
3 0.4126823234375 0.563645696875 0.4156052859375 0.58226723125 0.45369956718750004 0.5725631812499999 0.451001434375 0.55554139375 0.4126823234375 0.563645696875
0 0.45562798281249994 0.8300442718750001 0.4640237703125 0.86366629375 0.4739973125 0.8606332609375 0.4682261515625 0.8260985921874999 0.45562798281249994 0.8300442718750001
0 0.46637810625 0.8106896593749999 0.46001376718750003 0.7815515828125 0.450007284375 0.7851837109375001 0.45648775625000004 0.8138726437500001 0.46637810625 0.8106896593749999
0 0.4534029140625 0.7434832203124999 0.44369789531250003 0.7479848984374999 0.4495675765625 0.77898548125 0.4592103734375 0.7794232609375 0.4534029140625 0.7434832203124999
0 0.43872279531249997 0.7118217296875 0.442615603125 0.7311032921875 0.45181316718750003 0.7292097890625 0.44816899218749995 0.709292415625 0.43872279531249997 0.7118217296875
0 0.4436140953125 0.68049000625 0.434789475 0.681429790625 0.4385993734375 0.701323875 0.44618133125000004 0.6975543921875 0.4436140953125 0.68049000625
0 0.43897618749999995 0.65350186875 0.43081435468749996 0.6555502421875 0.43599102656250005 0.680359621875 0.4431584359375 0.6796527421875 0.43897618749999995 0.65350186875
0 0.42766763750000003 0.6319577437499999 0.4315193375 0.6473394390625 0.43777532968750005 0.64615978125 0.43632623906249995 0.6346465015625 0.43446229843750006 0.6298010796875 0.42766763750000003 0.6319577437499999
0 0.43458671249999997 0.6282814218749999 0.43247533281250006 0.6096507984375 0.42605361875 0.6108537468749999 0.4256392671875 0.611512846875 0.42812369375000003 0.627988003125 0.43458671249999997 0.6282814218749999
0 0.4294524375 0.5917491484374999 0.42298921875 0.5938592328125 0.425805384375 0.606682553125 0.430942934375 0.60355704375 0.4294524375 0.5917491484374999
0 0.427009415625 0.575568609375 0.420794828125 0.5770428796875 0.42323804843749996 0.5908199187500001 0.42936972500000004 0.58995816875 0.427009415625 0.575568609375
0 0.41872455625000005 0.5623121249999999 0.42091924374999995 0.575523225 0.426222315625 0.5747779265624999 0.4244833859375 0.561202340625 0.41872455625000005 0.5623121249999999
0 0.416944221875 0.548441925 0.4188076640625 0.559296103125 0.424276359375 0.5597292640625 0.42257873593750006 0.5476500453125001 0.416944221875 0.548441925
2 0.5085624421875 0.8444122484375001 0.45561334374999996 0.8668754734374999 0.45540621718749996 0.8666041484375 0.46228031718749996 0.9058962484374999 0.52529659375 0.8865246890625 0.5265412375 0.865319365625 0.5191679921875 0.850132159375 0.5085624421875 0.8444122484375001
2 0.45213617812500007 0.83131204375 0.45897045781249995 0.8510815125000001 0.47326386875 0.8493731390624999 0.5122089 0.83668935 0.5158565484375 0.8145454390625 0.50811025625 0.8015136999999999 0.4950601984375 0.7976395140625 0.47372369374999995 0.7997368609375 0.4515159890625 0.816077059375 0.45213617812500007 0.83131204375
2 0.47770754374999996 0.719862321875 0.45529410156249994 0.7191066796875 0.4380993328125 0.7362445265625001 0.44178501406250004 0.7552547640625 0.46204309062500004 0.7683306937500001 0.4951049765625 0.7570745953125 0.4968467828125 0.7357994015625 0.4915034953125 0.7218290734374999 0.47770754374999996 0.719862321875
2 0.440364125 0.729637290625 0.4670915921875 0.7262473734375 0.48639227968750004 0.7198710140625 0.49043485000000003 0.7119752203124999 0.48649532500000003 0.695675296875 0.47795706562499995 0.6921123015624999 0.466033871875 0.68646035 0.4516344015625 0.6881176828125 0.43546496562500003 0.709442028125 0.440364125 0.729637290625
2 0.426021315625 0.65691104375 0.429102075 0.671499746875 0.4502206796875 0.6765921328125 0.4696730921875 0.6683625390625 0.4776063875 0.655889734375 0.47336329062500004 0.6447618265624999 0.46341058593750006 0.6384665593750001 0.44754629531249995 0.6355667875 0.42496105625 0.64790049375 0.426021315625 0.65691104375
2 0.4372404921875 0.6223598796875 0.42471003749999997 0.6285175093750001 0.425164 0.6376132671875 0.42632525 0.6473423875 0.44148250000000006 0.6466777031250001 0.4656329421875 0.646947403125 0.47129241874999994 0.6373588390625 0.46962610624999995 0.6255024078125 0.4610374734375 0.6201145796875001 0.44380886718749996 0.6192384609375 0.4372404921875 0.6223598796875
2 0.4536627609375 0.598435321875 0.4532080703125 0.59813284375 0.4412340203125 0.5965182453125 0.42784467656249997 0.6024301999999999 0.42198322031249996 0.6105816203125001 0.4255186703125 0.6254728046875 0.43835209375 0.621470890625 0.44269714687499995 0.621592996875 0.4593197 0.6196232328125 0.4652819 0.6151214765625 0.462352503125 0.603076175 0.4536627609375 0.598435321875
2 0.42107468593749997 0.5997178375 0.42809702656250004 0.6056921749999999 0.45376362812500004 0.6006194421875 0.46124138593749997 0.59810298125 0.45932235937500004 0.5873812125 0.45346199218749994 0.5823427156250001 0.437799559375 0.582345634375 0.41900369218750005 0.593780396875 0.42107468593749997 0.5997178375
2 0.44664259843750004 0.56608115 0.43193979687499995 0.5699794046875 0.4215816859375 0.5783964078125 0.41753838906249996 0.595085478125 0.434666490625 0.5893808390624999 0.4518446015625 0.589897671875 0.46260654843750004 0.585820503125 0.4614959140625 0.574985121875 0.4551303625 0.569284859375 0.4471477828125 0.5667429140625 0.44664259843750004 0.56608115
2 0.43153511718750004 0.575898396875 0.451088396875 0.5698529203125 0.458313440625 0.5684711250000001 0.4570510828125 0.5594889796875 0.45159503437500004 0.5529281312500001 0.4443702328125 0.551378834375 0.417446059375 0.55613908125 0.420672546875 0.5748603546875 0.43153511718750004 0.575898396875