1 0.48312540937500004 0.90681511875 0.481308009375 0.8863525453125 0.412246821875 0.897660809375 0.41254972187499994 0.9213543156249999 0.48312540937500004 0.90681511875
3 0.48070220937499997 0.8938913875000001 0.4743413109375 0.8448889078124999 0.4052801234375 0.8567356609375001 0.4061888234375 0.9116615187500001 0.48070220937499997 0.8938913875000001
3 0.47403841093750004 0.8448889078124999 0.4688891125 0.7980403843749999 0.40497722343750003 0.8093486484374999 0.4058859234375 0.855658684375 0.47403841093750004 0.8448889078124999
3 0.46979781249999997 0.7985788734375 0.46404271250000007 0.759269190625 0.4046743234375 0.7673465234375 0.4052801234375 0.8104256265625001 0.46979781249999997 0.7985788734375
3 0.4046743234375 0.766808034375 0.4634369125 0.7587307015625 0.46010501406250004 0.725344396875 0.40649172343749995 0.7318062624999999 0.40497722343750003 0.7318062624999999 0.4046743234375 0.766808034375
3 0.4043714234375 0.7323447515625 0.4607108140625 0.7248059078125 0.45737891406250003 0.6946505359375 0.4052801234375 0.6994969359375001 0.40497722343750003 0.7005739125 0.4043714234375 0.7323447515625
3 0.4540470140625 0.6682645859375 0.453441215625 0.66664911875 0.4058859234375 0.672572496875 0.4058859234375 0.7000354234375 0.4567731140625 0.6941120484375001 0.4540470140625 0.6682645859375
3 0.4052801234375 0.6451095687499999 0.4061888234375 0.6731109843749999 0.4537441140625 0.6671876078125 0.451018015625 0.64026316875 0.4052801234375 0.6451095687499999
3 0.44889771562499997 0.6149541953125001 0.44889771562499997 0.6160311734375 0.4058859234375 0.623570015625 0.4052801234375 0.64564805625 0.450715115625 0.639186190625 0.44889771562499997 0.6149541953125001
3 0.447686115625 0.615492684375 0.44708031562499995 0.5955686 0.40497722343750003 0.6009534875 0.4052801234375 0.6214160609375 0.447686115625 0.615492684375
3 0.4052801234375 0.5864142890624999 0.4052801234375 0.6009534875 0.446474515625 0.5950301109375 0.4455658171875 0.5794139359375 0.4052801234375 0.5864142890624999
3 0.40558302343749997 0.5858758015625 0.4455658171875 0.5794139359375 0.44526291562500003 0.5654132265625 0.40497722343750003 0.5702596265625 0.40558302343749997 0.5858758015625
3 0.44405131718749996 0.5654132265625 0.4437484171875 0.5481815859375 0.4046743234375 0.5508740296875 0.40497722343750003 0.5697211375 0.44405131718749996 0.5654132265625
0 0.4240599203125 0.853504728125 0.42315122031249996 0.8185029578125 0.4101265234375 0.8206569125 0.41376132187500003 0.8551201953125 0.4240599203125 0.853504728125
0 0.41080390937500005 0.7754506812499999 0.4132285859375 0.8047623234374999 0.42346566875 0.8029867859375001 0.421218503125 0.773246534375 0.41080390937500005 0.7754506812499999
0 0.41123110625 0.7692515765625 0.42071913437499997 0.7710271140625 0.4199700796875 0.734628596875 0.40973299687500003 0.7377357875 0.41123110625 0.7692515765625
0 0.42038228125000004 0.720272825 0.4195455328125 0.7000421140624999 0.4098392546875 0.70123215625 0.4110107015625 0.7208678468749999 0.42038228125000004 0.720272825
0 0.4111780515625 0.6908192890625 0.41921083281250004 0.6881416953125 0.41904348437500005 0.6708860890625 0.410173953125 0.6705885781250001 0.4111780515625 0.6908192890625
0 0.41151275 0.6696960468750001 0.418708784375 0.6699935578125 0.4182067359375 0.6435151265625 0.4098392546875 0.6444076578125 0.41151275 0.6696960468750001
0 0.41703528749999996 0.6194167796875 0.410006603125 0.6206068203124999 0.4116801 0.636374875 0.4180393859375 0.6360773640625 0.4182067359375 0.62447445625 0.41703528749999996 0.6194167796875
0 0.4110107015625 0.616739184375 0.4173699875 0.6179292265624999 0.4178720359375 0.5991860671875 0.41134539999999997 0.599483578125 0.4108433515625 0.6000785984375 0.4110107015625 0.616739184375
0 0.4116801 0.5953184312500001 0.4172026375 0.5929383484375 0.4173699875 0.5810379296875 0.41067600156250006 0.582227971875 0.4116801 0.5953184312500001
0 0.41134539999999997 0.5792528671875 0.41753733750000005 0.5792528671875 0.4172026375 0.5646748546875 0.4108433515625 0.565269875 0.41134539999999997 0.5792528671875
0 0.4165332390625 0.5637823234375 0.4167005890625 0.5500968421875 0.4108433515625 0.5503943515625 0.4111780515625 0.5637823234375 0.4165332390625 0.5637823234375
0 0.4167005890625 0.5486092890625 0.4167005890625 0.5364113609375 0.4110107015625 0.5364113609375 0.41134539999999997 0.5474192484375 0.4167005890625 0.5486092890625
2 0.40498611406249996 0.8571276375 0.40481876406249995 0.8568301265624999 0.40615756249999996 0.8966965281249999 0.47125656875 0.8862836625 0.47544031093749994 0.8654579296874999 0.470252471875 0.8493923656250001 0.46054619218750004 0.8422521140624999 0.40498611406249996 0.8571276375
2 0.4652319828125 0.8351118625 0.47192596875000004 0.8136911093749999 0.46606873125000003 0.79970811875 0.4536848578125 0.79405541875 0.4322641046875 0.7931628875000001 0.4079984078125 0.8062533484375001 0.4064922609375 0.82142638125 0.41050865156249994 0.841954603125 0.42490072031250004 0.8422521140624999 0.4652319828125 0.8351118625
2 0.4058228625 0.725330503125 0.40682696093750004 0.7446686828125 0.4250680703125 0.7604367375 0.4593747453125 0.7538915078125 0.46406053593749996 0.733065775 0.46071354218750005 0.7184877625 0.447325571875 0.7146201265625 0.4252354203125 0.710752490625 0.4058228625 0.725330503125
2 0.4610266890625 0.70858108125 0.45939401406249997 0.6918915109375 0.451434721875 0.68717489375 0.44041416250000004 0.679918559375 0.4259241703125 0.67955574375 0.40694431875000003 0.6984222124999999 0.40898516406249996 0.7191027671875 0.43592430625 0.719465584375 0.455924578125 0.715837415625 0.4610266890625 0.70858108125
2 0.44653669531249995 0.66250335625 0.4561286625 0.6512560374999999 0.45347556562499997 0.6396459015625 0.44449585156250004 0.63202675 0.42918952031249996 0.6269473156250001 0.40510755937500004 0.636017734375 0.40490347499999996 0.645088153125 0.40592389687499997 0.6599636390625 0.4261282546875 0.6679456078125 0.44653669531249995 0.66250335625
2 0.421638396875 0.637106184375 0.44551627343750005 0.6407343515624999 0.45245514375000007 0.63202675 0.45245514375000007 0.6200537984375 0.4446999359375 0.6135230968750001 0.4277609296875 0.610257746875 0.420822059375 0.6124346468749999 0.4075565734375 0.6167884484374999 0.40674023437500006 0.6258588656249999 0.40653615 0.63565491875 0.421638396875 0.637106184375
2 0.408781078125 0.6138859140624999 0.422046565625 0.6117090140625 0.42633233906249995 0.6124346468749999 0.4430672609375 0.6127974640625 0.44959796093750004 0.609169296875 0.44837345468749995 0.5968335265625 0.44041416250000004 0.591028459375 0.44000599375 0.59066564375 0.42837318281250003 0.5874002921875 0.41429135781250004 0.5913912765625 0.4073524875 0.5986476109375001 0.408781078125 0.6138859140624999
2 0.44021007812499996 0.5932053609375 0.4479652859375 0.59175409375 0.4475571171875 0.580869590625 0.44245500625 0.5750645234375 0.42694459218749997 0.5728876234375 0.40674023437500006 0.5815952249999999 0.40796474062500004 0.587763109375 0.41408727343749996 0.5946566265625 0.44021007812499996 0.5932053609375
2 0.42286290312499997 0.5794183234375 0.439801909375 0.5823208578125 0.451026553125 0.579781140625 0.451434721875 0.5688966390625 0.4459244421875 0.5623659375 0.43837331874999996 0.5587377703125 0.43796514999999997 0.5580121375 0.42286290312499997 0.5598262203125 0.41143417656250003 0.5667197390625 0.40510755937500004 0.582683675 0.42286290312499997 0.5794183234375
2 0.4491897921875 0.5620031203125 0.4491897921875 0.552932703125 0.4446999359375 0.5456763687499999 0.437761065625 0.5431366515625 0.41043641875 0.5441034515625 0.4110260078125 0.563091571875 0.421638396875 0.5656312890625 0.441842753125 0.5623659375 0.4491897921875 0.5620031203125