3 0.4241733359375 0.8916977062500001 0.42606674843750003 0.8379723468750001 0.3567226578125 0.8419892015625001 0.3565765796875 0.840910015625 0.349792634375 0.8955360359375 0.4241733359375 0.8916977062500001
1 0.3576019171875 0.882341703125 0.35563293125 0.904826084375 0.42636397031250006 0.901533484375 0.427676046875 0.8794861078125 0.3576019171875 0.882341703125
0 0.36620894531250003 0.8062694484374999 0.3644600375 0.8420179624999999 0.37679596875 0.8411050250000001 0.379639846875 0.8060397281249999 0.36620894531250003 0.8062694484374999
0 0.3848186890625 0.7607160281249999 0.37313966875000004 0.7611919609375 0.3709525265625 0.7937029156250001 0.3807337671875 0.7940189234374999 0.3848186890625 0.7607160281249999
0 0.387954021875 0.71933975625 0.3784649375 0.7211821203125 0.3759849421875 0.7430653578124999 0.3856202796875 0.744419515625 0.387954021875 0.71933975625
0 0.3932068640625 0.686201003125 0.3826957625 0.686841075 0.382184928125 0.688357265625 0.3816758421875 0.7110468234375 0.388975165625 0.7099553640625 0.39021533750000004 0.7011310828124999 0.3932068640625 0.686201003125
0 0.39619734375000004 0.6585669015625 0.3867080828125 0.6582919281249999 0.38532323125 0.6829757171875 0.3932066890625 0.6840836640625 0.39619734375000004 0.6585669015625
0 0.3980200765625 0.632885996875 0.39130453906249996 0.6319421890625 0.3887519421875 0.6585791734375 0.39583223749999996 0.6569276046875 0.3980200765625 0.632885996875
0 0.39444126874999996 0.6075046109375 0.3924722828125 0.6299889921874999 0.39904191875 0.6319709515625 0.40093795312499997 0.61000564375 0.39444126874999996 0.6075046109375
0 0.39728636875 0.5872606703125001 0.39473325 0.6075456453125 0.402762784375 0.6097327781249999 0.40443978906250005 0.5872073624999999 0.39728636875 0.5872606703125001
0 0.3999855671875 0.5680548796875 0.39845411406250003 0.5853074734375 0.404877671875 0.586210246875 0.4066281546875 0.5695177625000001 0.3999855671875 0.5680548796875
0 0.4021011546875 0.5530016953125 0.4011531375 0.5639843484375 0.40589794062499995 0.5662391703125 0.40881651718749995 0.551828165625 0.4021011546875 0.5530016953125
0 0.413339846875 0.5238801640624999 0.4064784078125 0.5239745078125 0.404873653125 0.5375115046875 0.4112972109375 0.5384142765625 0.413339846875 0.5238801640624999
0 0.4045158046875 0.5382308390625 0.40304322968750006 0.5528217453125001 0.40939175937499994 0.552069765625 0.4108077546875 0.5387040625 0.4045158046875 0.5382308390625
3 0.4255801 0.8379443625 0.42766218125 0.7910776359375 0.36385679843749996 0.7927879609375 0.36367270625 0.7923171906250001 0.35729619218750003 0.84124976875 0.4255801 0.8379443625
3 0.368884225 0.7516739703125 0.36391811406249996 0.7923516796875 0.42803022031250004 0.7902395624999999 0.42931534843749997 0.750824121875 0.368884225 0.7516739703125
3 0.3743417421875 0.718183715625 0.3696204515625 0.751777440625 0.42986748124999996 0.7504568203125 0.43017141406250003 0.716242275 0.3743417421875 0.718183715625
3 0.37838826875 0.68582985625 0.3742804265625 0.7186199984375 0.4294965046875 0.7157025234375001 0.4312731828125 0.68525415625 0.37838826875 0.68582985625
3 0.4306595890625 0.6842781234374999 0.43127097968749994 0.6585598781249999 0.3821898265625 0.6587803640625001 0.37943121875 0.685531534375 0.4306595890625 0.6842781234374999
3 0.4311482015625 0.657652825 0.43200515 0.6337486875 0.386973165625 0.6336484484375 0.3825580125 0.6597219078125 0.4311482015625 0.657652825
3 0.432066465625 0.6333124078125 0.4327396125 0.6124967359375 0.3899776234375 0.6122706234375 0.38703448125 0.6332121671875 0.432066465625 0.6333124078125
3 0.432430834375 0.5879838687500001 0.3924300953125 0.59303971875 0.3899776234375 0.6122706234375 0.4327394671875 0.6107171171875 0.4327375578125 0.5875820765624999 0.432430834375 0.5879838687500001
3 0.43390313750000004 0.586411190625 0.4350673984375 0.5692237375 0.3965999859375 0.5687113890625 0.3932888046875 0.59049100625 0.43390313750000004 0.586411190625
3 0.43531265937499997 0.5674786078125 0.43672276718749997 0.5556645 0.3979487796875 0.5573335625 0.3967839328125 0.5674025421875 0.43531265937499997 0.5674786078125
3 0.39948151875 0.5446468906249999 0.398378134375 0.5560592078125 0.4360478578125 0.5551247484374999 0.43672159375 0.541427553125 0.39948151875 0.5446468906249999
2 0.4329328140625 0.72330385625 0.4255693765625 0.708032209375 0.4004760796875 0.70139128125 0.37605886875 0.7095270515625 0.3741592640625 0.737288746875 0.3835462578125 0.7399427015625 0.4269216953125 0.7393652281249999 0.4329328140625 0.72330385625
2 0.3812106890625 0.68889591875 0.386979334375 0.7083924265625 0.4301095109375 0.709560084375 0.43636662499999995 0.7006516765625 0.4358744859375 0.6845661296875 0.41348024531250005 0.672965734375 0.41366433750000003 0.6734365062500001 0.3936027265625 0.677290521875 0.3812106890625 0.68889591875
2 0.43574407031250006 0.5911189109375 0.43304398749999995 0.5836210484375 0.418073615625 0.5761783046875 0.39764381718749997 0.5790907765625 0.3932273421875 0.5891476703125 0.3948237484375 0.6044986125 0.40359729218749996 0.6079561499999999 0.40292238124999996 0.6074164 0.40341319843749995 0.6074853796874999 0.43212557656249995 0.606181846875 0.43574407031250006 0.5911189109375
2 0.41745899218750004 0.5627449421875 0.3945752546875 0.5670921328125 0.3956192328125 0.579251140625 0.436417953125 0.579201334375 0.437705578125 0.570039409375 0.41745899218750004 0.5627449421875
2 0.44099252343749995 0.5575111421875001 0.4432431453125 0.5446091859375 0.4336994703125 0.5347149156250001 0.417508525 0.5316618828124999 0.41761568593750004 0.530899396875 0.4078589734375 0.5380811750000001 0.408718053125 0.55375280625 0.44099252343749995 0.5575111421875001
2 0.4321010515625 0.6550097171875 0.43713809374999996 0.62539338125 0.40840144843750004 0.61513435 0.3849207875 0.6297178890625 0.3817062390625 0.6557026375 0.4321010515625 0.6550097171875
2 0.4174026484375 0.54797544375 0.40121273124999995 0.557363271875 0.4050735796875 0.5672364156249999 0.43949279375000005 0.5744063546875 0.44270785625000003 0.5546420375000001 0.4174026484375 0.54797544375
2 0.4265425828125 0.8626105359375 0.42193033125 0.8425237046875 0.39726808281250003 0.8312822046875 0.3575957078125 0.8334820640625 0.351593453125 0.8606301140625 0.35642053906250004 0.8854124062500001 0.419252865625 0.8802471078125 0.4265425828125 0.8626105359375
2 0.370033734375 0.8352301140625 0.4212855734375 0.8253271046874999 0.42878884062499995 0.7968349171875 0.4158132140625 0.77712778125 0.37656999375 0.782498134375 0.3593084734375 0.7995108046875 0.3603826421875 0.8229881140625 0.370033734375 0.8352301140625