3 0.4378895796875 0.8941054062499999 0.4379068515625 0.840346696875 0.3687451890625 0.8467811781249999 0.3685615375 0.845707746875 0.3636881453125 0.900537246875 0.4378895796875 0.8941054062499999
1 0.3710321953125 0.8870784125 0.3698491015625 0.9096178140625 0.44042214375000005 0.903858740625 0.440963978125 0.8817790046875 0.3710321953125 0.8870784125
0 0.37697909687500003 0.81075211875 0.37647885937500003 0.846539890625 0.388775415625 0.8451969921875 0.3903938 0.8100538046875 0.37697909687500003 0.81075211875
0 0.39398771250000003 0.764576978125 0.382332415625 0.7654602125000001 0.381281221875 0.7980276921875 0.3910675328125 0.798002146875 0.39398771250000003 0.764576978125
0 0.3956771234375 0.7231164890625 0.3862581171875 0.7252888953125 0.384543346875 0.7472453515625 0.394220075 0.748262415625 0.3956771234375 0.7231164890625
0 0.3997702421875 0.6898145999999999 0.3892878796875 0.690821115625 0.38883027187499997 0.6923542109375 0.38911335 0.7150477125 0.3963701359375 0.7137021765625 0.3973015890625 0.7048399890625 0.3997702421875 0.6898145999999999
0 0.40179448124999995 0.6620929671875 0.39230140625 0.6621493328125 0.39177885 0.6868664140625 0.399696171875 0.687698559375 0.40179448124999995 0.6620929671875
0 0.40271985312499997 0.6363640937499999 0.39597546875 0.63565523125 0.39435404531249996 0.6623650734375001 0.40137238750000004 0.6604674109374999 0.40271985312499997 0.6363640937499999
0 0.3982574296875 0.61112306875 0.3970743359375 0.6336624703125 0.4037091390625 0.6354139453125 0.404837440625 0.613395846875 0.3982574296875 0.61112306875
0 0.40039429374999996 0.5907921671875 0.3985506640625 0.6111538875 0.4066516359375 0.6130594625 0.40754149531249995 0.590489240625 0.40039429374999996 0.5907921671875
0 0.40242157343749996 0.5715038765625 0.4014931609375 0.5887994078125 0.4079443125 0.58947745 0.40911116875 0.5727340453124999 0.40242157343749996 0.5715038765625
0 0.4040105234375 0.556386028125 0.40344637343749995 0.5673950765625 0.4082669796875 0.5694829343750001 0.410680840625 0.5549788515625 0.4040105234375 0.556386028125
0 0.41422604375 0.5268900125 0.40737207656249996 0.527223759375 0.40624073281250006 0.5408085140625001 0.41269188437500004 0.5414865578125 0.41422604375 0.5268900125
0 0.4059082078125 0.5415399 0.4049457453125 0.5561733109375 0.4112641640625 0.555200228125 0.4122128390625 0.54179325 0.4059082078125 0.5415399
3 0.437419521875 0.8403357124999999 0.43786471093749996 0.7934248734375 0.3741578859375 0.7973609328125 0.373957475 0.796896871875 0.36929256875 0.8460221796875 0.437419521875 0.8403357124999999
3 0.3777473921875 0.7560965328125 0.37420393750000003 0.7969227765625 0.43820327812500004 0.792574465625 0.43811204375 0.753138184375 0.3777473921875 0.7560965328125
3 0.3820327921875 0.7224362140625 0.37848678125 0.7561742453125 0.4386510203125 0.7527518375 0.43776069843750004 0.7185475296875 0.3820327921875 0.7224362140625
3 0.3849477203125 0.6899608421875 0.38198673906249997 0.7228743703125 0.4370673625 0.718031659375 0.43778032656250004 0.6875398359375 0.3849477203125 0.6899608421875
3 0.43713304218750004 0.6865858109375 0.4368465078125 0.660861896875 0.38780294843749996 0.6627951546874999 0.38597962343750003 0.6896263031250001 0.43713304218750004 0.6865858109375
3 0.43669214843750004 0.6599596796875 0.43671433281249994 0.6360401984374999 0.39170628281250003 0.6375116125 0.3882037703125 0.663723275 0.43669214843750004 0.6599596796875
3 0.43676038437500003 0.6356020421874999 0.43670666562499993 0.6147755593750001 0.393962834375 0.6160419562499999 0.391752334375 0.6370734578125 0.43676038437500003 0.6356020421874999
3 0.43554258749999997 0.5902884015625001 0.3957426640625 0.5967371765625 0.393962834375 0.6160419562499999 0.4366444109375 0.6129970296875 0.43583510312499996 0.5898761484375 0.43554258749999997 0.5902884015625001
3 0.43695910937500004 0.5886652984375 0.4375228265625 0.5714476828125 0.3990609671875 0.572278140625 0.3965119015625 0.5941600484375 0.43695910937500004 0.5886652984375
3 0.4377070359375 0.5696950578125 0.43870397656250004 0.557838934375 0.400011859375 0.5608601734375 0.39919912343749997 0.570963671875 0.4377070359375 0.5696950578125
3 0.40110090625000006 0.5481277375 0.40039647812499995 0.5595716093750001 0.43801064062500006 0.557323065625 0.4382059421875 0.5436107 0.40110090625000006 0.5481277375
2 0.44076686093750006 0.7255084359375 0.4328749375 0.7105030734375 0.4075651609375 0.704741934375 0.3834467578125 0.713724896875 0.38251718125 0.741535975 0.3919910765625 0.7438607109375 0.4353199375 0.741769809375 0.44076686093750006 0.7255084359375
2 0.43896321718750003 0.593305903125 0.4360031078125 0.5859068390625 0.4207821078125 0.5789910890625001 0.4004663984375 0.5826147765624999 0.39640359531249997 0.5928196765625 0.39853476875 0.6081055531249999 0.4074236328125 0.6112547921875 0.406730296875 0.6107389234375 0.407223221875 0.6107907328125 0.43587261718750003 0.608485946875 0.43896321718750003 0.593305903125
2 0.41969904218750004 0.565587359375 0.3969809578125 0.5707305328125 0.39844864375 0.5828456984375 0.4392207734375 0.58137206875 0.440187865625 0.5721707874999999 0.41969904218750004 0.565587359375
2 0.4430355796875 0.5595354390625 0.444834559375 0.546562796875 0.43495139062500005 0.5370076234375001 0.4186637609375 0.5345215062500001 0.4187442453125 0.5337557453125 0.4092441171875 0.5412736515625001 0.4106496046875 0.55690575625 0.4430355796875 0.5595354390625
2 0.43755217343749997 0.6572849296875 0.441552553125 0.62751084375 0.4124753796875 0.61826095625 0.3895179796875 0.633655075 0.38721224374999996 0.6597361796875 0.43755217343749997 0.6572849296875
2 0.419127284375 0.550828825 0.403274859375 0.5607759531250001 0.4074779234375 0.570508340625 0.4421263984375 0.5764727 0.4446497375 0.55660821875 0.419127284375 0.550828825
2 0.43924225625 0.8649532703125 0.43393179374999996 0.845039640625 0.408892246875 0.8346656875 0.3693208125 0.838248753125 0.36426966875 0.8655897421875001 0.369958703125 0.8901884750000001 0.4325724875 0.8828335062500001 0.43924225625 0.8649532703125
2 0.38181226874999996 0.8395616578125 0.43268727656249995 0.8278760187499999 0.439191609375 0.799139328125 0.42553611875 0.7798970390625 0.3865042265625 0.7866336890625 0.36984695625 0.8042384140625 0.37173981718750004 0.8276639343750001 0.38181226874999996 0.8395616578125
2 0.4389442640625 0.6357531109375001 0.43928558593749994 0.6117881953125 0.41550994374999994 0.5976759890625 0.3945974421875 0.6101881578125 0.38903060625 0.625861659375 0.41005637500000003 0.6288457765625 0.4389442640625 0.6357531109375001