3 0.46553228124999996 0.8974779890625 0.46179949374999996 0.843849028125 0.3932551515625 0.855092309375 0.39299706875 0.8540343046875 0.391960259375 0.9090701937500001 0.46553228124999996 0.8974779890625
1 0.3983475796875 0.8951318484374999 0.39873963749999997 0.9176988734375 0.468739034375 0.907030903125 0.46773934375000004 0.8849671546875 0.3983475796875 0.8951318484374999
0 0.398955740625 0.818576646875 0.40095315156250005 0.8543121359375 0.413126078125 0.85211474375 0.41228905468750005 0.816944271875 0.398955740625 0.818576646875
0 0.4127019109375 0.771327525 0.40113661718750004 0.7730216390625 0.40235977656250005 0.8055831140624999 0.412120465625 0.8048749734375 0.4127019109375 0.771327525
0 0.41149506875 0.729850184375 0.40225054531250004 0.7326743359375001 0.40207155781250004 0.7546969234375001 0.4117956609375 0.7550364968750001 0.41149506875 0.729850184375
0 0.41325519374999997 0.696343896875 0.402868578125 0.698079171875 0.40251902656249994 0.699640453125 0.404384434375 0.7222589296875 0.4115296828125 0.7204104625000001 0.411840671875 0.7115048875000001 0.41325519374999997 0.696343896875
0 0.4133407390625 0.6685485875 0.40387472031250005 0.66926701875 0.4050776140625 0.6939603437499999 0.413033696875 0.694238175 0.4133407390625 0.6685485875
0 0.41246910156250005 0.6428178390625 0.4056916984375 0.642581165625 0.4059374078125 0.6693390499999999 0.41280628124999996 0.6669564359375 0.41246910156250005 0.6428178390625
0 0.406256821875 0.61794958125 0.4066488796875 0.6405166062500001 0.4133896984375 0.64180099375 0.412979346875 0.619757825 0.406256821875 0.61794958125
0 0.40697026875000003 0.5975191453125 0.4065514921875 0.6179598703125 0.41476565781249997 0.6192957078125 0.4140789296875 0.5967183921875 0.40697026875000003 0.5975191453125
0 0.407647128125 0.5781364234375 0.407927453125 0.5954545859375 0.41441018749999997 0.59568096875 0.414406240625 0.578896953125 0.407647128125 0.5781364234375
0 0.40817764062500006 0.5629445625 0.408382815625 0.5739661453125 0.41333732031250003 0.5757126484375 0.4147335484375 0.561075515625 0.40817764062500006 0.5629445625
0 0.4163107375 0.5328077984374999 0.40949674687500004 0.533618840625 0.40931578437500005 0.5472494234374999 0.41579851874999996 0.5474758046875 0.4163107375 0.5328077984374999
0 0.40903508750000006 0.5480022234375 0.40909574375 0.562667125 0.41533089375000004 0.5612556625 0.41534203437499995 0.5478151671875 0.40903508750000006 0.5480022234375
3 0.461312584375 0.8438720656250001 0.45848435312499997 0.79704444375 0.39520728125 0.8054148781249999 0.39497498750000004 0.8049659281249999 0.39374825156250004 0.8542969765624999 0.461312584375 0.8438720656250001
3 0.395909584375 0.7640006046875001 0.39522265624999997 0.804974578125 0.45876277343750005 0.796172490625 0.4559208265625 0.7568386390625 0.395909584375 0.7640006046875001
3 0.3978365203125 0.7301233468749999 0.39665259375 0.7640265515625 0.456431540625 0.7564156359374999 0.45315741562499995 0.7223567515625 0.3978365203125 0.7301233468749999
3 0.3984789796875 0.6975237484375 0.39782114375 0.7305636484375 0.4524297828125 0.7218905046875 0.45101400781249995 0.6914232234375 0.3984789796875 0.6975237484375
3 0.4503017515625 0.690516675 0.4482215046875 0.664875409375 0.3994322703125 0.6702250640625 0.39948503281250003 0.69711804375 0.4503017515625 0.690516675
3 0.44800458593750003 0.663986159375 0.446358178125 0.640123396875 0.40156240624999995 0.6447308296875 0.3998968578125 0.6711229640624999 0.44800458593750003 0.663986159375
3 0.44637355312500004 0.6396830953125 0.4448671828125 0.6189110921875 0.4023158140625 0.6231560625 0.40157778125 0.6442905296875 0.44637355312500004 0.6396830953125
3 0.44199780312500003 0.5945647859375 0.40274467343750003 0.6037741546875 0.4023158140625 0.6231560625 0.44468101718749997 0.6171412375 0.4422608484375 0.5941331328125 0.44199780312500003 0.5945647859375
3 0.44329765312499997 0.592846825 0.44265895625 0.5756318281249999 0.40434871875 0.5791432249999999 0.403332265625 0.60114964375 0.44329765312499997 0.592846825
3 0.442720459375 0.573870621875 0.44288793125000003 0.5619738359374999 0.40450081562499995 0.567686740625 0.40439484531250003 0.577822321875 0.442720459375 0.573870621875
3 0.404699040625 0.554909353125 0.40479461250000004 0.5663744875 0.44216029843750004 0.5615075890625 0.44139859843749996 0.547815003125 0.404699040625 0.554909353125
2 0.4566418234375 0.7290910046875 0.44772240312499995 0.71467270625 0.42207240312499994 0.7106911218749999 0.398639371875 0.7213346171875 0.3996520609375 0.7491427921875 0.40926504531249996 0.7508009999999999 0.45234250468750004 0.7456927234374999 0.4566418234375 0.7290910046875
2 0.40160642968750004 0.700277990625 0.40938141406249995 0.71906470625 0.45239737187499995 0.7157176375 0.4576890265625 0.706203984375 0.4555181859375 0.6902579984375 0.4320340515625 0.6810619859375 0.4322663453125 0.6815109374999999 0.4127174875 0.68744085 0.40160642968750004 0.700277990625
2 0.44562059062500003 0.5973363265625 0.44215155937499995 0.590161771875 0.42648521875 0.58432463125 0.40647177343749996 0.58935664375 0.4031307234375 0.5998200921875 0.40632299375 0.6149200703125 0.4154098859375 0.6174415828125001 0.4146822546875 0.6169753359375 0.4151775921875 0.6169926328125 0.44359642499999996 0.6126949796875001 0.44562059062500003 0.5973363265625
2 0.42446979375 0.571029103125 0.4021658203125 0.5777444828125 0.40447504062500006 0.5897277562500001 0.44504505625 0.58541359375 0.4453679453125 0.576167265625 0.42446979375 0.571029103125
2 0.44732732343750004 0.5633640515625 0.44821699531250003 0.55029751875 0.4376913671875 0.5414550375 0.42126999062500003 0.5401111421875 0.42129686250000004 0.5393416328125 0.4123442984375 0.547503921875 0.41483680312500004 0.5629999046874999 0.44732732343750004 0.5633640515625
2 0.4486759359375 0.66125793125 0.450589634375 0.6312773218750001 0.42093805156249997 0.6240782874999999 0.399110415625 0.6410363343750001 0.398629621875 0.667214746875 0.4486759359375 0.66125793125
2 0.422869925 0.5563464031249999 0.40774999375 0.5673751109375 0.412621715625 0.5767906 0.44760184062499997 0.5803234734375 0.4487333578125 0.5603313625 0.422869925 0.5563464031249999
2 0.4648481125 0.8683025078125001 0.45816148125 0.8488078265624999 0.43245927812499996 0.8402058140625 0.39323418125 0.846540515625 0.3901025515625 0.874167253125 0.3974936484375 0.8983092171875 0.45944185312499997 0.8866044484375 0.4648481125 0.8683025078125001
2 0.4057867921875 0.8469788625 0.45572272187499996 0.8317728265625 0.46020664062499994 0.8026524187499999 0.4452421390625 0.7844095609374999 0.4067752515625 0.7938525296875001 0.3913866015625 0.8125763218750001 0.3949089328125 0.8358127390625001 0.4057867921875 0.8469788625