3 0.41734881562500004 0.8903146906250001 0.42017957812500006 0.8366305593750001 0.3507759453125 0.8394365796875001 0.35064872343750003 0.838355009375 0.34291245625 0.8928543140625 0.41734881562500004 0.8903146906250001
1 0.35095082187500004 0.87979828125 0.3485897296875 0.9022448750000001 0.4193674609375 0.900187203125 0.421064115625 0.8781660828125 0.35095082187500004 0.87979828125
0 0.3608841828125 0.8038878265625 0.35851164375 0.8396003734375 0.37086162968749997 0.8389028671875 0.3743170484375 0.8038925421875 0.3608841828125 0.8038878265625
0 0.38028611093750003 0.7586661296874999 0.3686005609375 0.7589381625 0.3658463578125 0.79140599375 0.37562059375 0.7918926609375 0.38028611093750003 0.7586661296874999
0 0.3841430796875 0.717350878125 0.3746232875 0.7190273546875 0.3717617546875 0.7408639765625 0.3813719921875 0.7423860875 0.3841430796875 0.717350878125
0 0.3899734734375 0.684308846875 0.3794528015625 0.6847653765625 0.378915584375 0.686272421875 0.37801058906249996 0.7089496390625001 0.3853278484375 0.7079857374999999 0.3867218359375 0.69918444375 0.3899734734375 0.684308846875
0 0.393445778125 0.65673114375 0.3839627625 0.656290603125 0.38214733125 0.6809464625 0.3900102515625 0.682191828125 0.393445778125 0.65673114375
0 0.39571642812499996 0.6310859625 0.389018384375 0.6300250968750001 0.3860012984375 0.656613475 0.3931093375 0.6550857265625 0.39571642812499996 0.6310859625
0 0.39258113125 0.6056459828125 0.3902200390625 0.6280925765625 0.39675408437500004 0.630188890625 0.399033178125 0.60826001875 0.39258113125 0.6056459828125
0 0.3957791046875 0.5854547796875 0.3928723515625 0.6056921078124999 0.4008624921875 0.6080190421875 0.402932365625 0.5855263234375 0.3957791046875 0.5854547796875
0 0.398813078125 0.5662990234375 0.396980759375 0.5835222609375 0.403387584375 0.584537003125 0.40542912343750004 0.5678776125 0.398813078125 0.5662990234375
0 0.4011910578125 0.5512850515625 0.40005151093749997 0.5622494875 0.404756240625 0.564586775 0.40792587812500003 0.5502289015625 0.4011910578125 0.5512850515625
0 0.4129362796875 0.5223640984375 0.40607423750000005 0.5223386796875 0.404233475 0.5358456078125 0.41064029843750005 0.5368603484375 0.4129362796875 0.5223640984375
0 0.4038631265625 0.5365585875 0.4021361296875 0.551121571875 0.4084968171875 0.550480503125 0.41014585937500003 0.5371415484375001 0.4038631265625 0.5365585875
3 0.4196934921875 0.8365940859375 0.42259319375000004 0.789770834375 0.3587676796875 0.7903673421875 0.35859183125 0.7898934296875 0.351362296875 0.8387072703125 0.4196934921875 0.8365940859375
3 0.36451187812499997 0.749347353125 0.3588366 0.7899321968749999 0.42297580312500005 0.7889393109375 0.4249486296875 0.7495523015625001 0.36451187812499997 0.749347353125
3 0.37055305 0.7159574453124999 0.36524618750000004 0.74946365625 0.42550708750000005 0.7491946921875 0.4264081015625 0.7149906640625 0.37055305 0.7159574453124999
3 0.3751636125 0.6836791359375 0.3704841296875 0.7163925921875001 0.4257427140625 0.7144392140625 0.4280505203125 0.68402649375 0.3751636125 0.6836791359375
3 0.42745405312500007 0.6830399 0.42851419531249996 0.6573362421875 0.3794366703125 0.656700109375 0.376211609375 0.6833990625 0.42745405312500007 0.6830399
3 0.4284072671875 0.656427184375 0.42968126875 0.63254164375 0.38465789375 0.631655503125 0.37978836875 0.6576479359375 0.4284072671875 0.656427184375
3 0.4297501890625 0.6321065 0.43078651875 0.6113057468750001 0.3880349875 0.61033336875 0.38472681406250003 0.6312203578125 0.4297501890625 0.6321065
3 0.43090559375000004 0.5867912234375 0.3908227109375 0.5911481953125 0.3880349875 0.61033336875 0.43081743125000005 0.609526396875 0.431219284375 0.5863948453125001 0.43090559375000004 0.5867912234375
3 0.432405121875 0.58524448125 0.4338691671875 0.5680799640624999 0.39541655625 0.5668963453125 0.391725771875 0.58861485625 0.432405121875 0.58524448125
3 0.4341448484375 0.5663393812499999 0.435760925 0.5545516828125 0.39696371406250003 0.555543790625 0.3956233171875 0.5655909078125 0.4341448484375 0.5663393812499999
3 0.3987176328125 0.5428858015625 0.39741524375 0.5542771234375 0.43509553749999996 0.554000234375 0.43600822031249997 0.5403168828125 0.3987176328125 0.5428858015625
2 0.4290458390625 0.7220993625000001 0.42195004999999997 0.7067015328124999 0.396976475 0.6996236765625 0.37242099375 0.70733206875 0.3700371703125 0.7350563828125 0.379376415625 0.7378737578125001 0.4227553265625 0.7380533796875001 0.4290458390625 0.7220993625000001
2 0.3779320921875 0.6867939890625 0.3833595984375 0.7063882046875001 0.426462828125 0.7083084093750001 0.43287446249999995 0.699510559375 0.4326631296875 0.6834188734375 0.41047475312500004 0.6714294125 0.410650603125 0.6719033265625 0.390524784375 0.67540663125 0.3779320921875 0.6867939890625
2 0.4341636125 0.5899836125 0.43159479687499996 0.58243976875 0.4167565984375 0.574736890625 0.3962790828125 0.5772923703124999 0.3916877640625 0.587270653125 0.393016015625 0.6026471171875001 0.4017278796875 0.6062572484375 0.4010624921875 0.6057058015625 0.40155203124999994 0.6057833359375 0.4302827859375 0.604981103125 0.4341636125 0.5899836125
2 0.41637651406250004 0.5612948453125 0.3934203921875 0.565242 0.39425200781249997 0.577417375 0.43504538437500007 0.5780796109375 0.43649270937500007 0.5689415546875 0.41637651406250004 0.5612948453125
2 0.439997803125 0.5564725609375001 0.442473253125 0.5436118484375 0.433103709375 0.5335525249999999 0.4169685140625 0.5302173859375 0.4170889640625 0.5294568875000001 0.4072084 0.5364672921875 0.40779383906250005 0.5521515296875 0.439997803125 0.5564725609375001
2 0.4294061 0.653801109375 0.4349592515625 0.6242771921875 0.406406028125 0.6135182 0.3826744265625 0.6276897234375001 0.3790068703125 0.6536144125 0.4294061 0.653801109375
2 0.41657794218750005 0.5465266140625 0.40022665 0.555630459375 0.40391459999999996 0.5655694812500001 0.438203440625 0.5733390265625 0.44176294687500006 0.5536338296875 0.41657794218750005 0.5465266140625
2 0.42022534531250005 0.8612733 0.4159643578125 0.8411090328125 0.3915020578125 0.8294388296875 0.35179733281250003 0.830945975 0.34532219375 0.8579851375 0.3497160328125 0.8828479 0.41262893749999996 0.8787799625 0.42022534531250005 0.8612733