3 0.4586005828125 0.89681590625 0.45580431875 0.8431299687499999 0.38707419375 0.8531752718750001 0.38683461406249997 0.8521129249999999 0.38483745625 0.9071223359375 0.4586005828125 0.89681590625
1 0.3914670609375 0.8932975875 0.391465209375 0.91586801875 0.4616401265625 0.9064233312500001 0.4610256546875 0.8843454953125001 0.3914670609375 0.8932975875
0 0.3934112015625 0.816764659375 0.39478463750000004 0.8525295671875 0.406994059375 0.85054495625 0.40677097343749996 0.8153652328125001 0.3934112015625 0.816764659375
0 0.4079798890625 0.7697626375 0.3963867890625 0.771254653125 0.3970414875 0.803832515625 0.4068130484375 0.8032948296875 0.4079798890625 0.7697626375
0 0.40749710937500006 0.728270553125 0.39820470625 0.730932934375 0.3976413984375 0.7529490437499999 0.40735809375 0.7534582750000001 0.40749710937500006 0.728270553125
0 0.40984173124999995 0.6948000859375 0.3994264125 0.6963538265625 0.3990496671875 0.6979087703125 0.4005200453125 0.72055635625 0.40769646406250004 0.7188328734375 0.40816282968750006 0.7099340828125 0.40984173124999995 0.6948000859375
0 0.410412359375 0.667010503125 0.40093524374999995 0.6675636203125 0.40170699687500006 0.692274178125 0.40965701875000005 0.6926908203125001 0.410412359375 0.667010503125
0 0.40998991875 0.6412684609375 0.403217678125 0.64091354375 0.40299636093749996 0.6676716390624999 0.40990576875 0.6654092671875 0.40998991875 0.6412684609375
0 0.4042125953125 0.6162955718750001 0.4042107453125 0.638866003125 0.4109281203125 0.6402678390625 0.41090253906249996 0.618220865625 0.4042125953125 0.6162955718750001
0 0.40528249375 0.5958807 0.4045070421875 0.616311003125 0.4126966421875 0.61778999375 0.412404046875 0.5952041328125001 0.40528249375 0.5958807
0 0.4062975265625 0.5765127437500001 0.40627556406250004 0.5938331609375 0.412753359375 0.5941726468749999 0.41304233437500004 0.5773911203125001 0.4062975265625 0.5765127437500001
0 0.407093090625 0.5613324546875 0.40710588281250004 0.572355940625 0.41202915156250003 0.5741886453125 0.4136806203125 0.5595781078125001 0.407093090625 0.5613324546875
0 0.4157509078125 0.5313422234375 0.40892380156249997 0.5320342218749999 0.40850497968750005 0.54565956875 0.4149827765625 0.54599905625 0.4157509078125 0.5313422234375
0 0.40821118749999996 0.5464073546875 0.408015896875 0.5610710828125 0.41427473125000003 0.559768653125 0.41452043906249997 0.5463303984375 0.40821118749999996 0.5464073546875
3 0.45531708125000003 0.843144503125 0.4533065359375 0.7962746546874999 0.3898930171875 0.8035394765625 0.38966859375 0.8030865421875 0.3875811 0.8523886671875 0.45531708125000003 0.843144503125
3 0.39131799218749996 0.76214376875 0.38991607500000003 0.8030995125 0.4536001328125 0.7954076921875 0.45144508749999995 0.7560302328125 0.39131799218749996 0.76214376875
3 0.3938358734375 0.7283052984375 0.3920604359375 0.7621826781250001 0.45196310625 0.7556162078125 0.44928388906250005 0.7215053703125001 0.3938358734375 0.7283052984375
3 0.3950471765625 0.695721878125 0.393812815625 0.728745265625 0.4485645046875 0.7210264937499999 0.44768067343749995 0.6905391453124999 0.3950471765625 0.695721878125
3 0.446984346875 0.6896203046875 0.44535191875 0.6639466390625001 0.3964767515625 0.6684439890625 0.3960601578125 0.6953337937499999 0.446984346875 0.6896203046875
3 0.44515055312499996 0.6630537375000001 0.44392085625 0.6391658765625 0.39905149687499997 0.6429908140625 0.396925596875 0.6693498609375 0.44515055312499996 0.6630537375000001
3 0.4439439140625 0.6387259109375 0.4428002953125 0.61793078125 0.400181321875 0.6214324812500001 0.39907455468749997 0.6425508484375 0.4439439140625 0.6387259109375
3 0.44035625468750006 0.5935381046875 0.40094837656250004 0.6020610093750001 0.400181321875 0.6214324812500001 0.4426450453125 0.616157946875 0.4406267921875 0.5931111078125 0.44035625468750006 0.5935381046875
3 0.4416858875 0.5918430906250001 0.44134773281250006 0.57461956875 0.40298204687499994 0.5774618265625 0.40158168437499997 0.5994471531250001 0.4416858875 0.5918430906250001
3 0.44143996249999995 0.5728597046874999 0.44181503749999995 0.5609676546875 0.4033340640625 0.566009740625 0.4030512203125 0.576141928125 0.44143996249999995 0.5728597046874999
3 0.40375525625 0.553237759375 0.40365071874999997 0.5647028140625 0.441095653125 0.5604887796875 0.4405730359375 0.546784984375 0.40375525625 0.553237759375
2 0.4526502375 0.7282994078125 0.443983809375 0.7137276406249999 0.41840720468750003 0.7092990078125 0.3947919875 0.71953191875 0.395319203125 0.747353534375 0.4049017828125 0.749179259375 0.44806183437499997 0.744823565625 0.4526502375 0.7282994078125
2 0.39812608125 0.6985302828125 0.405572009375 0.7174498296875 0.44863983125000007 0.7148540015625 0.454096715625 0.70543415 0.4522045015625 0.68945270625 0.42888443593750003 0.6798482406249999 0.42910885781249997 0.6803011765625 0.40945948593750003 0.6858890109375 0.39812608125 0.6985302828125
2 0.4439301203125 0.5963724499999999 0.44058683125 0.5891384453125 0.42502474687499997 0.583028778125 0.40492652968750004 0.5877107421875001 0.4014033765625 0.5981142875 0.4043316296875 0.6132676781249999 0.41337313125 0.61594739375 0.41265374687499995 0.61546851875 0.413148709375 0.615494459375 0.4416382171875 0.6116934374999999 0.4439301203125 0.5963724499999999
2 0.42324166874999997 0.5697001015625001 0.4008238921875 0.5760252 0.402923625 0.5880469484375 0.443562753125 0.5844414890625 0.44404696406250005 0.5752022046875 0.42324166874999997 0.5697001015625001
2 0.44622949062500006 0.5624351359374999 0.4473470703125 0.5493861203125 0.4369773671875 0.5403612875 0.4205819453125 0.5387310046875 0.42062224375 0.5379620828125 0.41152859218750004 0.5459668843750001 0.41375027343750004 0.5615040062500001 0.44622949062500006 0.5624351359374999
2 0.4458694140625 0.6603376421875 0.44830605468750007 0.6303949984375 0.41878462968749997 0.62267956875 0.3966643578125 0.6392540875 0.39572676093750003 0.665420121875 0.4458694140625 0.6603376421875
2 0.42189829218749997 0.554991715625 0.40658818593749996 0.565754865625 0.4112948421875 0.57525394375 0.446207984375 0.5793967656250001 0.4476882375 0.5594274484375 0.42189829218749997 0.554991715625
2 0.4584257015625 0.867632928125 0.4520803171875 0.84802451875 0.42653215468749994 0.8389752515625 0.3872024765625 0.844624415625 0.3835891703125 0.872192290625 0.39055780625000003 0.8964595703124999 0.45270085312499997 0.8858377296875 0.4584257015625 0.867632928125
2 0.399745525 0.8452817687499999 0.44993923125 0.8309495515625 0.4549306875 0.8019118328125 0.44028684843750004 0.7834105874999999 0.40166101562499995 0.792180778125 0.38594793437499997 0.8106331499999999 0.3890641984375 0.8339275015625001 0.399745525 0.8452817687499999