3 0.409375 0.76171875 0.06875 0.034375
3 0.4125 0.72890625 0.065625 0.040625
3 0.41484375 0.696875 0.0609375 0.0328125
3 0.41640625 0.66875 0.0578125 0.03125
3 0.41875 0.64375 0.0546875 0.0265625
3 0.41875 0.621875 0.0515625 0.021875
3 0.41953125 0.603125 0.046875 0.0171875
3 0.42109375 0.5890625 0.04375 0.0171875
3 0.4234375 0.571875 0.0421875 0.021875
3 0.4265625 0.5375 0.0359375 0.0140625
3 0.42578125 0.55234375 0.0375 0.0203125
1 0.4125 0.78515625 0.0671875 0.0234375
2 0.41171875 0.6890625 0.0703125 0.0375
2 0.428125 0.54140625 0.0359375 0.025
2 0.41875 0.59453125 0.0515625 0.03125