3 0.4375 0.76953125 0.0671875 0.0296875
3 0.43671875 0.73671875 0.0640625 0.0359375
3 0.4359375 0.7046875 0.059375 0.0296875
3 0.434375 0.67734375 0.05625 0.0265625
3 0.43359375 0.6515625 0.053125 0.0234375
3 0.43203125 0.6296875 0.05 0.01875
3 0.43046875 0.6109375 0.046875 0.0140625
3 0.43046875 0.596875 0.04375 0.0140625
3 0.43125 0.5796875 0.0421875 0.01875
3 0.43125 0.5453125 0.0359375 0.0109375
3 0.43125 0.56015625 0.0359375 0.01875
1 0.44296875 0.7921875 0.065625 0.01875
2 0.43671875 0.64140625 0.0515625 0.0296875
2 0.43046875 0.57421875 0.040625 0.01875
2 0.428125 0.559375 0.040625 0.0171875
2 0.434375 0.5890625 0.04375 0.025