3 0.39140625 0.7546875 0.0703125 0.0390625
3 0.396875 0.72265625 0.06875 0.0453125
3 0.40078125 0.690625 0.0625 0.0375
3 0.4046875 0.6625 0.059375 0.034375
3 0.40859375 0.6375 0.0546875 0.0296875
3 0.41015625 0.615625 0.0515625 0.025
3 0.4125 0.596875 0.046875 0.0203125
3 0.41484375 0.5828125 0.0453125 0.0203125
3 0.41796875 0.56640625 0.04375 0.025
3 0.42421875 0.53203125 0.0359375 0.015625
3 0.421875 0.546875 0.0390625 0.0234375
1 0.39296875 0.778125 0.0671875 0.0265625
2 0.41328125 0.62890625 0.0546875 0.0359375
2 0.41875 0.5609375 0.0421875 0.025
2 0.465625 0.56953125 0.0265625 0.0421875
2 0.39921875 0.6828125 0.071875 0.0421875
2 0.42578125 0.53671875 0.0375 0.0265625