3 0.446875 0.771875 0.06875 0.0328125
3 0.4453125 0.7390625 0.065625 0.0390625
3 0.44296875 0.70703125 0.0609375 0.03125
3 0.440625 0.67890625 0.0578125 0.028125
3 0.4390625 0.653125 0.053125 0.025
3 0.43671875 0.63125 0.0515625 0.0203125
3 0.434375 0.61328125 0.046875 0.015625
3 0.434375 0.59921875 0.04375 0.015625
3 0.43359375 0.58203125 0.0421875 0.0203125
3 0.4328125 0.54765625 0.0359375 0.0125
3 0.43359375 0.5625 0.0375 0.0203125
1 0.453125 0.79453125 0.0671875 0.0203125
2 0.4390625 0.69921875 0.06875 0.0359375
2 0.434375 0.55078125 0.0359375 0.0234375
2 0.43359375 0.5765625 0.040625 0.021875