3 0.4328125 0.76875 0.0671875 0.02890625
3 0.4328125 0.7359375 0.06328125 0.03515625
3 0.43203125 0.70390625 0.059375 0.028125
3 0.43125 0.67578125 0.05625 0.02578125
3 0.43125 0.65 0.05234375 0.021875
3 0.4296875 0.628125 0.05 0.01796875
3 0.42890625 0.609375 0.04609375 0.01328125
3 0.42890625 0.5953125 0.04296875 0.0140625
3 0.4296875 0.578125 0.04140625 0.01875
3 0.43046875 0.54375 0.03515625 0.0109375
3 0.43046875 0.55859375 0.0359375 0.01796875
1 0.4375 0.79140625 0.065625 0.0171875
2 0.434375 0.640625 0.0515625 0.02890625
2 0.42890625 0.69609375 0.0671875 0.03203125
2 0.43203125 0.54765625 0.034375 0.021875
2 0.42734375 0.6015625 0.05 0.0265625
2 0.51484375 0.75234375 0.0390625 0.08125