3 0.41875 0.76484375 0.06875 0.0328125
3 0.4203125 0.73203125 0.065625 0.0390625
3 0.42109375 0.7 0.0609375 0.03125
3 0.421875 0.671875 0.0578125 0.028125
3 0.4234375 0.64609375 0.053125 0.025
3 0.4234375 0.62421875 0.0515625 0.0203125
3 0.4234375 0.60546875 0.046875 0.015625
3 0.42421875 0.59140625 0.04375 0.015625
3 0.42578125 0.57421875 0.0421875 0.0203125
3 0.428125 0.53984375 0.0359375 0.0125
3 0.42734375 0.5546875 0.0375 0.0203125
1 0.42265625 0.7875 0.0671875 0.0203125
2 0.42734375 0.63671875 0.053125 0.03125
2 0.41875 0.6921875 0.06875 0.0359375
2 0.4296875 0.54375 0.0359375 0.0234375
2 0.421875 0.59765625 0.0515625 0.0296875
2 0.5015625 0.753125 0.04375 0.0828125