3 0.39609375 0.75703125 0.0703125 0.0375
3 0.40078125 0.72421875 0.0671875 0.04375
3 0.4046875 0.6921875 0.0625 0.0359375
3 0.4078125 0.66484375 0.059375 0.0328125
3 0.4109375 0.6390625 0.0546875 0.0296875
3 0.4125 0.6171875 0.0515625 0.025
3 0.4140625 0.5984375 0.046875 0.0203125
3 0.41640625 0.584375 0.04375 0.0203125
3 0.41953125 0.56796875 0.04375 0.025
3 0.425 0.53359375 0.0359375 0.015625
3 0.42265625 0.5484375 0.0375 0.0234375
1 0.39765625 0.7796875 0.0671875 0.0265625
2 0.40234375 0.684375 0.0703125 0.040625
2 0.42578125 0.5375 0.0375 0.0265625
2 0.4203125 0.5625 0.0421875 0.025