3 0.47578125 0.77578125 0.0703125 0.0390625
3 0.4703125 0.74375 0.06875 0.0453125
3 0.46484375 0.71171875 0.0625 0.0375
3 0.459375 0.684375 0.059375 0.034375
3 0.45546875 0.65859375 0.0546875 0.0296875
3 0.45078125 0.6375 0.0515625 0.025
3 0.446875 0.61953125 0.046875 0.0203125
3 0.44453125 0.60546875 0.0453125 0.0203125
3 0.44296875 0.58828125 0.04375 0.025
3 0.43828125 0.55390625 0.0359375 0.015625
3 0.440625 0.56875 0.0390625 0.0234375
1 0.48359375 0.79765625 0.0671875 0.0265625
2 0.46015625 0.7046875 0.071875 0.0421875
2 0.440625 0.5578125 0.0375 0.0265625
2 0.4421875 0.5828125 0.0421875 0.0265625