3 0.4421875 0.77109375 0.06875 0.03125
3 0.44140625 0.73828125 0.0640625 0.0375
3 0.4390625 0.70625 0.0609375 0.0296875
3 0.4375 0.678125 0.0578125 0.028125
3 0.43671875 0.65234375 0.053125 0.0234375
3 0.434375 0.63046875 0.05 0.0203125
3 0.4328125 0.61171875 0.046875 0.015625
3 0.43203125 0.59765625 0.04375 0.015625
3 0.4328125 0.58046875 0.0421875 0.0203125
3 0.43203125 0.54609375 0.0359375 0.0125
3 0.4328125 0.5609375 0.0359375 0.01875
1 0.44765625 0.79375 0.065625 0.01875
2 0.4359375 0.6984375 0.06875 0.034375
2 0.43359375 0.55 0.034375 0.0234375
2 0.43203125 0.575 0.040625 0.021875