3 0.46640625 0.775 0.0703125 0.0375
3 0.46171875 0.7421875 0.0671875 0.0421875
3 0.45703125 0.7109375 0.0625 0.034375
3 0.453125 0.6828125 0.059375 0.0328125
3 0.45 0.65703125 0.0546875 0.028125
3 0.44609375 0.6359375 0.0515625 0.0234375
3 0.44296875 0.6171875 0.046875 0.01875
3 0.44140625 0.603125 0.04375 0.01875
3 0.43984375 0.5859375 0.04375 0.0234375
3 0.4359375 0.5515625 0.0359375 0.015625
3 0.43828125 0.56640625 0.0375 0.021875
1 0.4734375 0.796875 0.0671875 0.025
2 0.453125 0.703125 0.0703125 0.040625
2 0.43828125 0.55546875 0.0375 0.0265625
2 0.440625 0.6109375 0.0515625 0.0296875