3 0.428125 0.7671875 0.0671875 0.0296875
3 0.42890625 0.734375 0.0640625 0.0359375
3 0.428125 0.70234375 0.059375 0.0296875
3 0.428125 0.67421875 0.05625 0.0265625
3 0.42890625 0.6484375 0.053125 0.0234375
3 0.42734375 0.6265625 0.05 0.01875
3 0.42734375 0.6078125 0.046875 0.0140625
3 0.42734375 0.59375 0.04375 0.0140625
3 0.428125 0.5765625 0.0421875 0.01875
3 0.4296875 0.5421875 0.0359375 0.0109375
3 0.4296875 0.55703125 0.0359375 0.01875
1 0.4328125 0.790625 0.065625 0.01875
2 0.43203125 0.63984375 0.0515625 0.0296875
2 0.42734375 0.57109375 0.040625 0.01875
2 0.4265625 0.55625 0.040625 0.0171875